7897	1085
7845	1085
2486	1085
6862	1085
7281	1085
247	1085
2806	1085
2853	1085
1361	1085
1075	1085
6854	1085
5297	1085
5221	1309
2099	1309
938	1309
2894	1309
6784	1309
4202	1309
5616	1309
4511	1309
4659	1309
5801	1309
1281	1309
1075	1309
1313	714
7170	714
5869	714
1898	714
4172	714
5030	714
5290	714
434	714
7041	714
2231	714
6581	714
1169	714
702	1224
5816	1224
1655	1224
169	1224
7319	1224
7285	1224
2860	1224
7293	1224
4128	1224
8036	1224
4364	1224
5044	1224
3613	2364
1601	2364
5717	2364
14	2364
6501	2364
775	2364
4346	2364
8018	2364
4777	2364
4724	2364
5214	2364
7454	2364
6922	1429
3648	1429
7477	1429
2553	1429
1512	1429
1996	1429
7478	1429
7904	1429
4015	1429
116	1429
7256	1429
1138	1429
6765	4545
1041	4545
735	4545
6241	4545
344	4545
7277	4545
3327	4545
7415	4545
4397	4545
2176	4545
3257	4545
6100	4545
4438	2697
1035	2697
4433	2697
2269	2697
4164	2697
6113	2697
5973	2697
3439	2697
3077	2697
4382	2697
409	2697
821	2697
4020	3447
7937	3447
6980	3447
7256	3447
5942	3447
4202	3447
7240	3447
501	3447
401	3447
2408	3447
4338	3447
372	3447
5465	377
7937	377
110	377
2408	377
47	377
3647	377
7357	377
2593	377
7973	377
4020	377
5669	377
7633	377
522	378
3813	378
238	378
372	378
4763	378
7973	378
7735	378
2667	378
1837	378
3635	378
4097	378
7146	378
6133	4306
4096	4306
7297	4306
5536	4306
579	4306
1606	4306
752	4306
5305	4306
8021	4306
7442	4306
5258	4306
405	4306
1996	3837
6103	3837
6714	3837
6222	3837
7192	3837
6327	3837
7293	3837
2742	3837
213	3837
649	3837
3076	3837
4869	3837
3521	3921
5444	3921
2026	3921
4600	3921
4074	3921
5390	3921
7066	3921
947	3921
112	3921
2987	3921
2301	3921
4298	3921
4902	3718
1765	3718
5637	3718
1075	3718
3957	3718
7413	3718
4709	3718
4643	3718
865	3718
5592	3718
4743	3718
1908	3718
2667	2362
4998	2362
238	2362
7680	2362
969	2362
4762	2362
4132	2362
3699	2362
6620	2362
622	2362
7205	2362
6089	2362
6188	1835
7380	1835
3896	1835
6804	1835
7256	1835
5973	1835
4869	1835
861	1835
7285	1835
1075	1835
1694	1835
4878	1835
3997	2578
7586	2578
4314	2578
4095	2578
1029	2578
2673	2578
5222	2578
1836	2578
4828	2578
4731	2578
3752	2578
2617	2578
6460	2342
3735	2342
5619	2342
1012	2342
4750	2342
6448	2342
4020	2342
7170	2342
817	2342
852	2342
1517	2342
1765	2342
6909	2612
6839	2612
1606	2612
6620	2612
895	2612
1477	2612
7243	2612
3469	2612
1235	2612
4750	2612
757	2612
3507	2612
6959	3065
4636	3065
4299	3065
6133	3065
6909	3065
6478	3065
2644	3065
3217	3065
6030	3065
208	3065
1389	3065
1444	3065
1009	2031
6312	2031
5784	2031
6055	2031
2722	2031
6804	2031
7786	2031
4810	2031
2659	2031
4487	2031
3807	2031
6883	2031
5223	2043
1571	2043
883	2043
1306	2043
3007	2043
1692	2043
7240	2043
3772	2043
1962	2043
6039	2043
3244	2043
5138	2043
1288	1865
5717	1865
2026	1865
2412	1865
4666	1865
3667	1865
3257	1865
6214	1865
7651	1865
2667	1865
1608	1865
5635	1865
2083	2069
1187	2069
6214	2069
6208	2069
239	2069
3490	2069
7651	2069
3376	2069
6472	2069
1992	2069
490	2069
1773	2069
6478	989
5725	989
2822	989
3028	989
3217	989
7041	989
7871	989
1765	989
3529	989
5432	989
7758	989
6909	989
6254	1071
1471	1071
405	1071
496	1071
833	1071
4440	1071
1306	1071
7539	1071
1281	1071
1916	1071
1289	1071
4314	1071
4700	4512
4520	4512
6825	4512
5128	4512
7092	4512
237	4512
4561	4512
7240	4512
5773	4512
134	4512
3019	4512
7851	4512
7746	997
3031	997
7712	997
6421	997
1600	997
6055	997
5784	997
6179	997
6109	997
7574	997
7360	997
924	997
1471	350
3798	350
6117	350
2197	350
7554	350
1606	350
4471	350
2277	350
7879	350
7654	350
1536	350
5923	350
5465	3450
4930	3450
6359	3450
1898	3450
4289	3450
6854	3450
5709	3450
3976	3450
54	3450
4202	3450
7746	3450
2667	3450
1908	2059
1791	2059
7248	2059
2087	2059
554	2059
6416	2059
4020	2059
7639	2059
4777	2059
1409	2059
6388	2059
2795	2059
3587	493
5744	493
6190	493
5140	493
5390	493
2355	493
247	493
1409	493
2527	493
3505	493
4632	493
528	493
2666	362
1606	362
6460	362
7260	362
5614	362
7088	362
2558	362
1985	362
1748	362
786	362
6464	362
5044	362
3893	842
5879	842
7718	842
5297	842
765	842
5951	842
2492	842
7851	842
3662	842
6916	842
3721	842
7301	842
2508	3150
47	3150
4529	3150
7454	3150
5628	3150
2248	3150
681	3150
7256	3150
7203	3150
1484	3150
2272	3150
656	3150
3415	782
1026	782
4726	782
2222	782
4320	782
5673	782
329	782
4941	782
2653	782
2026	782
3723	782
7656	782
610	1635
7256	1635
1896	1635
1075	1635
2861	1635
1700	1635
3647	1635
5092	1635
7884	1635
4930	1635
2269	1635
5152	1635
7351	3787
4962	3787
3635	3787
219	3787
367	3787
5412	3787
5838	3787
7820	3787
7552	3787
6794	3787
4289	3787
3878	3787
192	3135
1367	3135
7973	3135
2383	3135
7758	3135
7385	3135
2959	3135
402	3135
1836	3135
1462	3135
4020	3135
5129	3135
7584	3489
6103	3489
2646	3489
1748	3489
5363	3489
4461	3489
2754	3489
7858	3489
1400	3489
5421	3489
6475	3489
1311	3489
6824	3669
4844	3669
3894	3669
5801	3669
2505	3669
967	3669
4335	3669
3417	3669
3591	3669
8036	3669
6243	3669
3284	3669
2026	4029
1427	4029
3490	4029
7285	4029
4074	4029
1398	4029
5673	4029
7381	4029
2464	4029
4909	4029
4256	4029
4330	4029
6909	3373
610	3373
6589	3373
1218	3373
6539	3373
7937	3373
7798	3373
865	3373
2365	3373
1281	3373
631	3373
1256	3373
7650	2393
5725	2393
7904	2393
2817	2393
7985	2393
955	2393
1256	2393
6967	2393
1009	2393
8021	2393
7979	2393
2488	2393
3421	3963
2655	3963
4095	3963
3735	3963
2419	3963
2383	3963
322	3963
3086	3963
5845	3963
852	3963
752	3963
2341	3963
7798	3569
1705	3569
2232	3569
219	3569
7904	3569
7756	3569
2754	3569
5307	3569
5214	3569
7360	3569
37	3569
1398	3569
4188	3197
7549	3197
3569	3197
865	3197
5887	3197
159	3197
2449	3197
1722	3197
1578	3197
3114	3197
110	3197
749	3197
2540	3713
5055	3713
7336	3713
4743	3713
152	3713
2752	3713
2153	3713
3453	3713
2363	3713
6722	3713
1570	3713
6218	3713
5611	1752
3007	1752
6370	1752
749	1752
3721	1752
790	1752
5879	1752
4709	1752
6113	1752
372	1752
6378	1752
4511	1752
3498	2777
0	2777
6249	2777
6003	2777
3007	2777
1512	2777
775	2777
3743	2777
5220	2777
4636	2777
3691	2777
651	2777
4262	1702
491	1702
947	1702
1398	1702
1732	1702
1922	1702
940	1702
7068	1702
7531	1702
7415	1702
5169	1702
3088	1702
3735	3011
1988	3011
5190	3011
2383	3011
821	3011
6372	3011
7904	3011
6200	3011
3569	3011
4300	3011
2277	3011
6496	3011
6259	157
1075	157
1825	157
7973	157
2277	157
1117	157
5368	157
4295	157
7834	157
2545	157
8006	157
7552	157
1468	1218
651	1218
6075	1218
4382	1218
4520	1218
4869	1218
505	1218
5602	1218
4298	1218
2408	1218
116	1218
2545	1218
3026	821
1896	821
2795	821
401	821
1765	821
6575	821
1624	821
496	821
6081	821
2742	821
2655	821
2449	821
7249	2118
5635	2118
7878	2118
651	2118
658	2118
571	2118
2079	2118
359	2118
3490	2118
6972	2118
4358	2118
2392	2118
5616	4584
775	4584
4092	4584
2833	4584
6421	4584
2617	4584
1495	4584
528	4584
5717	4584
7477	4584
5705	4584
5642	4584
1075	1603
1571	1603
5725	1603
5973	1603
6312	1603
5067	1603
6909	1603
7041	1603
7099	1603
5792	1603
37	1603
5128	1603
240	3077
1865	3077
1624	3077
7884	3077
4248	3077
2466	3077
2928	3077
2853	3077
1987	3077
3772	3077
14	3077
4438	3077
1075	2305
1745	2305
622	2305
6418	2305
699	2305
6254	2305
7256	2305
1409	2305
4289	2305
2860	2305
3026	2305
2159	2305
4658	284
4169	284
6680	284
819	284
6773	284
3417	284
775	284
6563	284
7845	284
7650	284
8	284
2724	284
865	765
1455	765
1997	765
5536	765
5190	765
5278	765
6832	765
1807	765
2277	765
4078	765
3382	765
977	765
7357	2159
7879	2159
1624	2159
6427	2159
6004	2159
3878	2159
6418	2159
1655	2159
6103	2159
7973	2159
4423	2159
7170	2159
3939	1754
5222	1754
2253	1754
6794	1754
5137	1754
1692	1754
2540	1754
444	1754
7092	1754
6462	1754
6300	1754
3260	1754
7319	3795
3898	3795
933	3795
6972	3795
5614	3795
7220	3795
7737	3795
5570	3795
792	3795
502	3795
4600	3795
4642	3795
5973	169
5030	169
7134	169
7926	169
1722	169
7552	169
6036	169
1169	169
2722	169
8024	169
7240	169
1281	169
5725	1600
5525	1600
7084	1600
7336	1600
7644	1600
1773	1600
6633	1600
7520	1600
3752	1600
5085	1600
5649	1600
7442	1600
6848	1996
1608	1996
7277	1996
3530	1996
488	1996
2026	1996
2987	1996
4666	1996
6373	1996
3153	1996
2540	1996
5442	1996
7973	24
2285	24
6880	24
5127	24
4197	24
6126	24
974	24
2464	24
3807	24
2754	24
1978	24
7263	24
2391	947
1289	947
5795	947
3086	947
3340	947
7088	947
236	947
322	947
7319	947
159	947
4828	947
3586	947
5379	1110
775	1110
7170	1110
5545	1110
6074	1110
3772	1110
5191	1110
2754	1110
359	1110
2453	1110
6300	1110
5725	1110
3589	783
2659	783
3390	783
1997	783
1066	783
767	783
5176	783
2527	783
2768	783
8032	783
8021	783
80	783
5444	931
1608	931
7033	931
4250	931
947	931
7741	931
7068	931
2079	931
7277	931
3447	931
1780	931
2540	931
6208	833
6989	833
3179	833
1826	833
5878	833
6416	833
2079	833
4592	833
1294	833
2219	833
7491	833
4653	833
7652	4266
2853	4266
2705	4266
2032	4266
7350	4266
6909	4266
3390	4266
205	4266
3325	4266
1115	4266
5947	4266
984	4266
2784	3160
4937	3160
1380	3160
7172	3160
417	3160
2073	3160
239	3160
4653	3160
3490	3160
4446	3160
2205	3160
2764	3160
835	4021
434	4021
5737	4021
1573	4021
1624	4021
4896	4021
5529	4021
5954	4021
6016	4021
7471	4021
2850	4021
322	4021
1673	3009
4473	3009
6121	3009
1281	3009
2488	3009
6427	3009
6133	3009
5221	3009
3668	3009
7014	3009
1624	3009
4549	3009
858	4422
7134	4422
5051	4422
7867	4422
2359	4422
6246	4422
7326	4422
3787	4422
5833	4422
322	4422
3689	4422
1112	4422
58	2365
1445	2365
359	2365
2125	2365
7277	2365
7595	2365
2678	2365
7316	2365
3008	2365
5251	2365
4902	2365
2176	2365
7285	3999
1379	3999
3512	3999
6016	3999
5371	3999
4728	3999
4110	3999
569	3999
677	3999
5748	3999
817	3999
109	3999
1773	419
2793	419
4941	419
6732	419
5827	419
6299	419
6954	419
5717	419
3813	419
7043	419
6946	419
6671	419
3007	46
5744	46
5707	46
2453	46
4178	46
5164	46
6798	46
967	46
7973	46
5545	46
5118	46
7084	46
7858	3546
6012	3546
5826	3546
583	3546
4248	3546
3556	3546
6039	3546
4087	3546
7735	3546
3896	3546
1318	3546
1331	3546
4330	1122
1791	1122
6883	1122
5826	1122
7642	1122
6974	1122
6074	1122
6889	1122
4649	1122
3066	1122
4325	1122
1036	1122
1606	256
4599	256
5500	256
6235	256
372	256
5209	256
6483	256
7644	256
7256	256
4164	256
1685	256
409	256
3008	775
5899	775
5044	775
5053	775
7386	775
3744	775
6448	775
3899	775
7782	775
5537	775
5160	775
1705	775
2687	282
4472	282
4612	282
2764	282
6909	282
6141	282
5305	282
1468	282
3376	282
1012	282
5550	282
4238	282
409	1646
5230	1646
2475	1646
2408	1646
2853	1646
8036	1646
1378	1646
2687	1646
6909	1646
2705	1646
6566	1646
5549	1646
7539	3857
109	3857
4461	3857
7041	3857
4213	3857
4452	3857
6707	3857
3390	3857
1655	3857
3752	3857
2475	3857
5222	3857
2563	4040
7403	4040
3471	4040
6505	4040
548	4040
7335	4040
4973	4040
7937	4040
7471	4040
7357	4040
1361	4040
3148	4040
109	1953
5795	1953
1748	1953
909	1953
1916	1953
7586	1953
3735	1953
7120	1953
7494	1953
790	1953
310	1953
6016	1953
2909	2763
192	2763
3874	2763
7170	2763
7506	2763
4238	2763
1745	2763
2667	2763
3340	2763
1948	2763
1908	2763
4095	2763
2860	3664
2754	3664
1908	3664
1600	3664
6055	3664
4202	3664
5391	3664
2408	3664
230	3664
5637	3664
4566	3664
494	3664
2277	4738
1864	4738
6200	4738
7317	4738
817	4738
1873	4738
7148	4738
3564	4738
1495	4738
4566	4738
1922	4738
5456	4738
7172	4324
1409	4324
4700	4324
5159	4324
7025	4324
3723	4324
582	4324
2764	4324
1872	4324
239	4324
4696	4324
4262	4324
5616	2956
5406	2956
6283	2956
4172	2956
7202	2956
5672	2956
7975	2956
3507	2956
6909	2956
5717	2956
7132	2956
3335	2956
2894	2153
1112	2153
5220	2153
6898	2153
4703	2153
1876	2153
3589	2153
1135	2153
6707	2153
4152	2153
7068	2153
582	2153
5529	3382
1669	3382
6055	3382
1689	3382
7442	3382
14	3382
6994	3382
1634	3382
4599	3382
1570	3382
6909	3382
4810	3382
7671	4519
2205	4519
5725	4519
4298	4519
4074	4519
6039	4519
2222	4519
7707	4519
3810	4519
757	4519
5085	4519
8036	4519
4896	3615
754	3615
3703	3615
6502	3615
3244	3615
306	3615
2015	3615
7845	3615
3387	3615
1627	3615
5614	3615
6322	3615
6920	399
2186	399
2650	399
872	399
5211	399
1257	399
5813	399
1468	399
1218	399
3742	399
2661	399
6346	399
3217	1799
1571	1799
306	1799
6254	1799
7716	1799
1257	1799
765	1799
4643	1799
6972	1799
1333	1799
5529	1799
5545	1799
3772	4212
7902	4212
1112	4212
6460	4212
236	4212
7871	4212
5290	4212
188	4212
4601	4212
1471	4212
2545	4212
2391	4212
5737	790
3208	790
7357	790
1117	790
3591	790
1897	790
7937	790
1624	790
8024	790
367	790
2408	790
1716	790
3273	1194
743	1194
6845	1194
1673	1194
6351	1194
927	1194
2406	1194
5305	1194
6133	1194
860	1194
7454	1194
6298	1194
3997	3967
322	3967
1836	3967
7707	3967
7520	3967
4136	3967
3086	3967
7539	3967
6451	3967
756	3967
4973	3967
2545	3967
6071	2079
2464	2079
3390	2079
7896	2079
4732	2079
2488	2079
6656	2079
2159	2079
7357	2079
5764	2079
821	2079
6464	2079
7578	1780
7172	1780
5563	1780
5782	1780
1016	1780
2650	1780
2742	1780
3667	1780
4767	1780
7161	1780
5981	1780
6846	1780
3114	1029
7308	1029
8035	1029
1409	1029
6416	1029
2205	1029
1468	1029
1195	1029
7286	1029
1773	1029
2151	1029
5782	1029
312	4589
7381	4589
4529	4589
3237	4589
2079	4589
2824	4589
7491	4589
4289	4589
490	4589
6416	4589
6208	4589
1608	4589
4767	3824
7286	3824
5753	3824
5500	3824
7943	3824
2453	3824
6273	3824
3703	3824
332	3824
2253	3824
5717	3824
2581	3824
1405	1621
5649	1621
5053	1621
1445	1621
2928	1621
5545	1621
758	1621
237	1621
4335	1621
1570	1621
7595	1621
5725	1621
7248	4615
6471	4615
5214	4615
4289	4615
7412	4615
4020	4615
651	4615
2593	4615
5447	4615
4164	4615
5523	4615
3689	4615
7599	2430
1333	2430
3355	2430
2475	2430
2121	2430
5082	2430
525	2430
2277	2430
844	2430
276	2430
2127	2430
398	2430
7973	137
2430	137
3340	137
2453	137
3992	137
3965	137
6532	137
7041	137
5780	137
6798	137
5833	137
212	137
2381	981
3589	981
3580	981
4159	981
5220	981
1294	981
402	981
699	981
1515	981
4636	981
253	981
1200	981
565	1624
2048	1624
4965	1624
109	1624
5757	1624
3752	1624
7084	1624
2277	1624
1763	1624
2170	1624
6656	1624
7023	1624
2795	4088
4363	4088
1409	4088
367	4088
6922	4088
3490	4088
4492	4088
3255	4088
2742	4088
2533	4088
7471	4088
1945	4088
1448	4548
4314	4548
817	4548
3844	4548
1400	4548
4257	4548
2532	4548
5757	4548
3336	4548
5942	4548
677	4548
102	4548
4969	456
6218	456
1997	456
4875	456
820	456
775	456
5185	456
3559	456
7844	456
4238	456
6326	456
744	456
1517	645
3376	645
7650	645
5477	645
7716	645
7707	645
6798	645
2268	645
3559	645
7345	645
2009	645
167	645
505	1575
398	1575
174	1575
7756	1575
314	1575
6039	1575
682	1575
5872	1575
4868	1575
1169	1575
6865	1575
5604	1575
7884	2023
7167	2023
649	2023
3272	2023
7412	2023
5412	2023
1997	2023
6534	2023
5529	2023
5521	2023
2363	2023
6825	2023
5030	1902
7514	1902
2026	1902
2560	1902
1047	1902
528	1902
2853	1902
4433	1902
1970	1902
7015	1902
1776	1902
2449	1902
642	4756
1747	4756
2942	4756
2622	4756
2824	4756
3490	4756
4397	4756
239	4756
2026	4756
417	4756
3126	4756
6039	4756
7732	3241
7547	3241
7178	3241
145	3241
3387	3241
5578	3241
562	3241
4828	3241
7245	3241
4577	3241
1035	3241
5707	3241
1012	3614
865	3614
7825	3614
310	3614
6656	3614
6832	3614
2439	3614
4314	3614
7822	3614
6460	3614
1916	3614
145	3614
4165	4346
7316	4346
230	4346
3390	4346
1181	4346
2793	4346
4682	4346
6218	4346
4709	4346
656	4346
2117	4346
2026	4346
6254	2142
5529	2142
2127	2142
7017	2142
7265	2142
2408	2142
795	2142
4161	2142
5550	2142
328	2142
3047	2142
1437	2142
1047	1236
7623	1236
3893	1236
7285	1236
6113	1236
1379	1236
3387	1236
5662	1236
7068	1236
2412	1236
7195	1236
5049	1236
5654	2660
2026	2660
2272	2660
4020	2660
6972	2660
5620	2660
7741	2660
7286	2660
3976	2660
1117	2660
5429	2660
4592	2660
2795	4475
2701	4475
372	4475
7224	4475
3967	4475
6733	4475
4382	4475
5214	4475
1773	4475
6750	4475
6222	4475
5258	4475
4289	970
2870	970
6989	970
3376	970
329	970
1187	970
7043	970
3485	970
642	970
6814	970
6100	970
3440	970
6605	893
4072	893
852	893
7988	893
7313	893
3512	893
1359	893
6327	893
7562	893
3957	893
3844	893
7037	893
25	4542
5889	4542
3947	4542
3390	4542
2666	4542
7822	4542
928	4542
4421	4542
7599	4542
2617	4542
3260	4542
5306	4542
310	1096
1378	1096
4096	1096
6448	1096
2044	1096
5669	1096
5225	1096
6605	1096
230	1096
7963	1096
1361	1096
4767	1096
7088	3164
7884	3164
3486	3164
3959	3164
4828	3164
7904	3164
3390	3164
7442	3164
3947	3164
1997	3164
1158	3164
1673	3164
3807	3233
3269	3233
5529	3233
6719	3233
6135	3233
1385	3233
2655	3233
1629	3233
4115	3233
4125	3233
934	3233
5879	3233
7092	1135
6324	1135
6016	1135
7518	1135
1291	1135
7904	1135
7431	1135
6854	1135
2033	1135
3382	1135
3065	1135
6254	1135
5997	2850
3965	2850
5300	2850
5220	2850
7973	2850
6922	2850
1495	2850
2429	2850
7170	2850
6707	2850
328	2850
5290	2850
6421	2484
1970	2484
4758	2484
5392	2484
3494	2484
6881	2484
7413	2484
7644	2484
7141	2484
4258	2484
5737	2484
7316	2484
2793	3521
372	3521
1512	3521
6016	3521
1571	3521
306	3521
5780	3521
6453	3521
2648	3521
310	3521
4493	3521
2492	3521
5250	3196
1075	3196
6909	3196
2779	3196
5902	3196
144	3196
3336	3196
6929	3196
5501	3196
6489	3196
3490	3196
7336	3196
1058	2881
1153	2881
2419	2881
4213	2881
2980	2881
7756	2881
4256	2881
4078	2881
2475	2881
7858	2881
927	2881
5662	2881
1218	1596
5164	1596
7265	1596
367	1596
756	1596
2097	1596
1075	1596
4248	1596
110	1596
4773	1596
2593	1596
879	1596
3314	1072
5717	1072
879	1072
1195	1072
1416	1072
2667	1072
7043	1072
1992	1072
7793	1072
2661	1072
1135	1072
5602	1072
1948	1095
650	1095
2710	1095
7652	1095
6590	1095
1512	1095
5128	1095
7928	1095
502	1095
1009	1095
4810	1095
7203	1095
7985	3014
5525	3014
1773	3014
4164	3014
775	3014
702	3014
656	3014
2593	3014
5221	3014
2557	3014
3335	3014
2169	3014
756	3216
4128	3216
2431	3216
7442	3216
7904	3216
6464	3216
6586	3216
6934	3216
744	3216
4461	3216
3387	3216
3246	3216
1359	2920
5413	2920
5210	2920
5002	2920
1997	2920
4415	2920
5343	2920
7319	2920
5268	2920
5082	2920
2532	2920
699	2920
7900	1857
7896	1857
2391	1857
1169	1857
6448	1857
8024	1857
5221	1857
1846	1857
2581	1857
6707	1857
7319	1857
322	1857
1518	337
3457	337
6864	337
2728	337
615	337
289	337
5392	337
4763	337
1649	337
4350	337
2860	337
7127	337
3598	4000
4490	4000
7448	4000
5137	4000
6551	4000
1948	4000
7644	4000
1281	4000
6605	4000
4728	4000
5707	4000
4649	4000
5178	67
7202	67
5951	67
5209	67
7471	67
4860	67
5829	67
5387	67
1722	67
358	67
2940	67
1613	67
2754	359
7858	359
984	359
7202	359
6760	359
4921	359
7240	359
67	359
4962	359
6909	359
4421	359
5220	359
5429	4484
3533	4484
7599	4484
3772	4484
790	4484
1437	4484
7277	4484
7411	4484
752	4484
5214	4484
4123	4484
3589	4484
5889	616
752	616
7275	616
4298	616
3896	616
592	616
5536	616
6464	616
7928	616
6806	616
2936	616
582	616
3634	1594
1235	1594
6510	1594
6815	1594
6756	1594
7473	1594
6247	1594
1716	1594
1945	1594
1524	1594
7360	1594
1409	1594
6825	3075
2540	3075
2469	3075
1945	3075
5300	3075
3047	3075
3787	3075
2494	3075
6460	3075
437	3075
4155	3075
5222	3075
1737	1203
899	1203
5138	1203
3007	1203
5792	1203
6031	1203
361	1203
2488	1203
7199	1203
1160	1203
3479	1203
2065	1203
7357	4678
7142	4678
273	4678
2694	4678
2789	4678
7706	4678
610	4678
135	4678
6712	4678
7413	4678
1361	4678
1075	4678
4600	1238
6589	1238
7041	1238
2488	1238
3772	1238
7412	1238
649	1238
2159	1238
3938	1238
1791	1238
4652	1238
775	1238
7316	2037
5673	2037
1549	2037
3257	2037
1294	2037
4939	2037
1773	2037
4612	2037
239	2037
6416	2037
6214	2037
2073	2037
4731	3714
478	3714
1517	3714
6103	3714
3752	3714
6050	3714
496	3714
790	3714
7442	3714
6451	3714
752	3714
7013	3714
5220	4061
5829	4061
7088	4061
1448	4061
1112	4061
6222	4061
6259	4061
7285	4061
4810	4061
2892	4061
5190	4061
8021	4061
1495	3385
4612	3385
2205	3385
1116	3385
2987	3385
453	3385
111	3385
7170	3385
2204	3385
4529	3385
6578	3385
1899	3385
5096	755
2853	755
6848	755
4892	755
7043	755
4047	755
1420	755
218	755
5548	755
2581	755
335	755
5673	755
3481	3144
4020	3144
1495	3144
4203	3144
3148	3144
6113	3144
775	3144
1510	3144
6656	3144
1409	3144
7590	3144
7357	3144
1924	3864
152	3864
6898	3864
7142	3864
4093	3864
1187	3864
4902	3864
2540	3864
5225	3864
6341	3864
874	3864
5529	3864
2477	2273
7979	2273
4325	2273
3875	2273
2569	2273
1549	2273
5075	2273
5159	2273
3122	2273
731	2273
6430	2273
3772	2273
2068	3631
2083	3631
6100	3631
1257	3631
4404	3631
3179	3631
4863	3631
4950	3631
2052	3631
1992	3631
1780	3631
4289	3631
3496	1324
2344	1324
7992	1324
7552	1324
7314	1324
6576	1324
2269	1324
392	1324
702	1324
5536	1324
2464	1324
1704	1324
5673	2542
926	2542
3490	2542
3633	2542
4700	2542
4406	2542
2764	2542
2026	2542
3742	2542
3526	2542
2793	2542
1257	2542
3340	4460
4728	4460
6832	4460
3343	4460
1851	4460
4247	4460
7088	4460
2646	4460
6448	4460
4911	4460
239	4460
93	4460
1522	1582
3440	1582
4289	1582
7449	1582
5878	1582
5673	1582
7491	1582
6100	1582
1608	1582
3742	1582
2308	1582
5211	1582
164	816
7937	816
4709	816
758	816
7633	816
135	816
1395	816
4777	816
2659	816
4512	816
5067	816
6451	816
1218	4024
367	4024
7309	4024
973	4024
3564	4024
4561	4024
2175	4024
247	4024
4047	4024
7411	4024
580	4024
14	4024
5429	2358
6537	2358
5792	2358
112	2358
5860	2358
6015	2358
2975	2358
4649	2358
1628	2358
7735	2358
6656	2358
681	2358
3724	3308
5525	3308
3647	3308
7256	3308
4164	3308
7189	3308
1075	3308
6728	3308
610	3308
6055	3308
2593	3308
5465	3308
7655	4449
4047	4449
2676	4449
7413	4449
3007	4449
2593	4449
4248	4449
7126	4449
845	4449
512	4449
392	4449
6909	4449
6254	291
6819	291
454	291
7357	291
7756	291
7017	291
4599	291
682	291
2789	291
135	291
7483	291
4363	291
4696	4113
2730	4113
6566	4113
860	4113
6031	4113
2775	4113
7992	4113
2724	4113
7099	4113
2283	4113
6214	4113
4370	4113
2488	1013
2496	1013
743	1013
1169	1013
4671	1013
5430	1013
1570	1013
306	1013
2977	1013
7937	1013
5947	1013
7134	1013
372	3562
5821	3562
6268	3562
4649	3562
7142	3562
1757	3562
4350	3562
4251	3562
3230	3562
5111	3562
2355	3562
1169	3562
4810	326
1636	326
4700	326
112	326
5430	326
7142	326
4728	326
4340	326
6656	326
5611	326
2860	326
6055	326
1544	3210
7256	3210
1700	3210
1825	3210
6451	3210
554	3210
47	3210
2795	3210
512	3210
7884	3210
3725	3210
6055	3210
7825	242
7243	242
5221	242
6179	242
7858	242
7383	242
7586	242
4335	242
1916	242
7319	242
1655	242
7822	242
4484	4345
7285	4345
3589	4345
6680	4345
4956	4345
4711	4345
2272	4345
6168	4345
367	4345
1916	4345
7935	4345
116	4345
1012	1077
3072	1077
754	1077
1985	1077
1108	1077
4305	1077
3569	1077
6768	1077
7599	1077
4411	1077
2365	1077
1628	1077
7834	1879
4618	1879
6576	1879
1725	1879
3888	1879
909	1879
4229	1879
7520	1879
6427	1879
5353	1879
7442	1879
6004	1879
505	8
1938	8
4709	8
192	8
1747	8
3752	8
247	8
3526	8
5750	8
6534	8
6839	8
6581	8
505	1373
1331	1373
4172	1373
4248	1373
6494	1373
2212	1373
1047	1373
326	1373
6642	1373
6474	1373
4384	1373
2754	1373
6845	1739
2735	1739
4484	1739
2488	1739
3874	1739
14	1739
7879	1739
7015	1739
220	1739
3081	1739
8024	1739
455	1739
4229	2039
3874	2039
3668	2039
7400	2039
6382	2039
5210	2039
3527	2039
6845	2039
1005	2039
8036	2039
3959	2039
3647	2039
1992	1686
7471	1686
6534	1686
7786	1686
6762	1686
7195	1686
3024	1686
5096	1686
5969	1686
5429	1686
4047	1686
809	1686
6501	2275
7092	2275
4868	2275
790	2275
6809	2275
1916	2275
7301	2275
420	2275
2233	2275
752	2275
4549	2275
5848	2275
7149	1254
1165	1254
3521	1254
702	1254
5725	1254
735	1254
947	1254
5169	1254
2125	1254
6416	1254
5159	1254
238	1254
947	475
3959	475
4649	475
2575	475
5220	475
7442	475
6215	475
502	475
1658	475
7415	475
2648	475
5744	475
7651	1644
2083	1644
1725	1644
1992	1644
983	1644
3490	1644
1899	1644
7449	1644
7064	1644
5442	1644
5673	1644
1294	1644
6656	3866
7167	3866
7088	3866
5707	3866
2277	3866
2479	3866
7301	3866
554	3866
7871	3866
5565	3866
5043	3866
972	3866
3888	4206
3735	4206
7134	4206
1798	4206
2391	4206
5795	4206
2383	4206
6460	4206
7871	4206
7092	4206
7494	4206
752	4206
1732	4122
1405	4122
1860	4122
1188	4122
1189	4122
1024	4122
3710	4122
5889	4122
4152	4122
4822	4122
6376	4122
5692	4122
1235	4001
775	4001
4164	4001
6436	4001
2754	4001
3702	4001
3148	4001
7454	4001
3577	4001
4128	4001
7088	4001
580	4001
3314	208
519	208
6671	208
582	208
4164	208
1732	208
6543	208
1195	208
4644	208
1016	208
5717	208
2079	208
5801	1601
614	1601
3308	1601
1169	1601
6179	1601
7135	1601
2408	1601
528	1601
5239	1601
7884	1601
6055	1601
3702	1601
4132	2402
5190	2402
4962	2402
145	2402
7687	2402
3387	2402
6760	2402
7586	2402
1851	2402
6133	2402
1606	2402
4314	2402
6462	1506
6214	1506
1705	1506
2205	1506
6946	1506
6302	1506
1828	1506
7651	1506
1115	1506
4262	1506
1294	1506
5259	1506
7904	3272
4330	3272
7900	3272
5305	3272
1985	3272
5190	3272
6460	3272
7547	3272
7010	3272
927	3272
3498	3272
1948	3272
4435	2025
819	2025
2340	2025
5495	2025
1567	2025
2705	2025
1274	2025
7935	2025
5067	2025
2768	2025
7336	2025
7652	2025
2982	2740
5942	2740
2795	2740
3529	2740
409	2740
127	2740
808	2740
781	2740
3490	2740
4869	2740
200	2740
4948	2740
367	2313
1218	2313
371	2313
2344	2313
3010	2313
8011	2313
5550	2313
7309	2313
7142	2313
1362	2313
7136	2313
1495	2313
5191	2219
3752	2219
7053	2219
3642	2219
3204	2219
7227	2219
5046	2219
757	2219
7707	2219
4387	2219
7036	2219
145	2219
3086	1540
2430	1540
2449	1540
7290	1540
3591	1540
147	1540
5390	1540
301	1540
4865	1540
6758	1540
4178	1540
5748	1540
1591	1196
5635	1196
5878	1196
192	1196
4377	1196
2083	1196
1172	1196
3376	1196
4950	1196
181	1196
7582	1196
3485	1196
947	258
1992	258
321	258
3024	258
6920	258
4700	258
2087	258
239	258
4289	258
1294	258
3606	258
7381	258
2754	2251
3613	2251
4874	2251
238	2251
6421	2251
2527	2251
899	2251
1012	2251
7222	2251
1512	2251
7904	2251
3390	2251
6179	2577
1117	2577
4721	2577
2153	2577
3041	2577
5139	2577
6185	2577
7068	2577
1307	2577
146	2577
3568	2577
3007	2577
4123	3246
4889	3246
2822	3246
5872	3246
2371	3246
2872	3246
5536	3246
7651	3246
4365	3246
3076	3246
5221	3246
1313	3246
817	77
4643	77
5507	77
306	77
2236	77
6218	77
4054	77
7884	77
610	77
682	77
4164	77
2196	77
6243	535
5501	535
2663	535
1790	535
7582	535
6113	535
7866	535
7454	535
2469	535
2876	535
5550	535
5082	535
4781	3507
602	3507
5479	3507
4102	3507
725	3507
4712	3507
1716	3507
820	3507
1332	3507
924	3507
5998	3507
5529	3507
505	3667
6421	3667
5082	3667
1200	3667
4257	3667
6794	3667
2853	3667
6712	3667
67	3667
605	3667
4819	3667
5305	3667
7099	3811
4643	3811
3589	3811
310	3811
4178	3811
7651	3811
2296	3811
136	3811
4875	3811
2540	3811
7884	3811
3100	3811
3859	2020
4762	2020
1996	2020
3421	2020
4659	2020
6460	2020
7825	2020
6984	2020
1655	2020
4314	2020
1978	2020
2775	2020
3875	2573
6825	2573
1200	2573
7834	2573
6235	2573
6205	2573
3589	2573
1160	2573
7979	2573
4973	2573
7319	2573
4810	2573
4874	4273
7248	4273
6770	4273
505	4273
4364	4273
4878	4273
7904	4273
5550	4273
282	4273
6604	4273
4023	4273
5863	4273
5363	3329
6521	3329
5973	3329
4299	3329
86	3329
2277	3329
5764	3329
7979	3329
7843	3329
1327	3329
1281	3329
6300	3329
7810	2922
1257	2922
3723	2922
571	2922
3490	2922
2222	2922
2860	2922
2026	2922
2308	2922
4767	2922
3767	2922
6214	2922
5268	2474
7340	2474
5160	2474
2887	2474
933	2474
6566	2474
5221	2474
7388	2474
2694	2474
795	2474
455	2474
2794	2474
1471	2299
8027	2299
4762	2299
1540	2299
3745	2299
7285	2299
3030	2299
6798	2299
1765	2299
7884	2299
744	2299
2391	2299
2453	4104
1549	4104
6881	4104
7350	4104
7415	4104
94	4104
7170	4104
1725	4104
7180	4104
5682	4104
7479	4104
7530	4104
4868	4401
5152	4401
817	4401
328	4401
3336	4401
4810	4401
2488	4401
1400	4401
2048	4401
5270	4401
2775	4401
5921	4401
1954	4213
6214	4213
398	4213
407	4213
4569	4213
4262	4213
6160	4213
1601	4213
7941	4213
5782	4213
2784	4213
4990	4213
6989	9
3179	9
1294	9
4592	9
3606	9
1658	9
3643	9
6214	9
7291	9
4020	9
7651	9
4941	9
6848	3998
4446	3998
3521	3998
2026	3998
1922	3998
1398	3998
2510	3998
947	3998
3723	3998
3767	3998
1195	3998
2939	3998
1047	4523
4750	4523
603	4523
4123	4523
6453	4523
5845	4523
7687	4523
757	4523
6678	4523
5889	4523
7088	4523
7301	4523
5996	2443
2383	2443
4213	2443
420	2443
4065	2443
322	2443
6315	2443
2391	2443
7900	2443
2175	2443
6050	2443
2511	2443
5031	1763
6430	1763
1477	1763
152	1763
4451	1763
7564	1763
1036	1763
2527	1763
5205	1763
6804	1763
7468	1763
2345	1763
5697	3376
5619	3376
5488	3376
1786	3376
4700	3376
7904	3376
7277	3376
7478	3376
6215	3376
1163	3376
7858	3376
7925	3376
7413	1139
6534	1139
6679	1139
2097	1139
1361	1139
3445	1139
2284	1139
3725	1139
1571	1139
1948	1139
310	1139
2488	1139
2667	4333
3171	4333
682	4333
1471	4333
4123	4333
236	4333
5545	4333
1692	4333
6254	4333
7539	4333
5191	4333
852	4333
7068	27
4529	27
7249	27
2939	27
1414	27
926	27
7316	27
2514	27
247	27
1290	27
2868	27
735	27
3512	869
5164	869
322	869
7896	869
7547	869
1978	869
5191	869
4911	869
7900	869
4757	869
1997	869
2511	869
6733	4383
4951	4383
6469	4383
583	4383
3047	4383
5500	4383
2371	4383
3743	4383
2032	4383
3589	4383
112	4383
824	4383
7520	274
2646	274
272	274
2037	274
3343	274
790	274
7403	274
499	274
8036	274
4095	274
236	274
752	274
933	2148
8024	2148
7845	2148
629	2148
7642	2148
5507	2148
2887	2148
4037	2148
3991	2148
7707	2148
7623	2148
7088	2148
6892	116
6576	116
1075	116
3289	116
7652	116
6515	116
654	116
6422	116
2795	116
2097	116
5368	116
132	116
7318	2705
7442	2705
5987	2705
4364	2705
7451	2705
7002	2705
1281	2705
7285	2705
1757	2705
7403	2705
6427	2705
6845	2705
6776	421
6967	421
6015	421
7088	421
2593	421
2231	421
2277	421
6941	421
3965	421
8035	421
4298	421
729	421
2909	3567
7935	3567
6893	3567
2708	3567
883	3567
372	3567
6416	3567
2001	3567
5224	3567
1601	3567
6839	3567
4842	3567
7084	1505
3821	1505
2449	1505
3596	1505
8027	1505
4871	1505
5707	1505
2496	1505
5081	1505
5951	1505
7644	1505
6633	1505
2527	358
5943	358
1397	358
1462	358
1318	358
7248	358
2557	358
5990	358
2449	358
5662	358
3642	358
4494	358
4914	248
261	248
2052	248
3893	248
4863	248
5528	248
7781	248
5010	248
6100	248
2083	248
490	248
5673	248
4950	2677
5942	2677
1385	2677
3935	2677
6521	2677
1700	2677
2383	2677
2186	2677
247	2677
2321	2677
5214	2677
5044	2677
2928	161
833	161
6448	161
3668	161
7151	161
6566	161
2529	161
3390	161
7900	161
4256	161
5462	161
5044	161
3341	3154
3490	3154
7878	3154
620	3154
1725	3154
7316	3154
2860	3154
2464	3154
3007	3154
6282	3154
8018	3154
6015	3154
1307	1118
1100	1118
3469	1118
5220	1118
635	1118
7037	1118
2449	1118
1781	1118
2001	1118
6715	1118
1442	1118
2754	1118
3929	4394
152	4394
5637	4394
3507	4394
1264	4394
3924	4394
5268	4394
6809	4394
6039	4394
3075	4394
4178	4394
6794	4394
2677	1436
1725	1436
382	1436
2853	1436
4539	1436
4726	1436
3587	1436
7904	1436
7650	1436
252	1436
1400	1436
1338	1436
4164	3498
861	3498
5387	3498
5973	3498
4636	3498
5997	3498
6121	3498
1700	3498
1567	3498
6576	3498
7937	3498
1409	3498
1223	2873
3490	2873
4888	2873
2824	2873
372	2873
765	2873
152	2873
453	2873
5635	2873
239	2873
7449	2873
6534	2873
6427	4028
681	4028
1163	4028
5214	4028
2659	4028
5118	4028
7010	4028
5829	4028
7248	4028
4248	4028
4152	4028
310	4028
1187	3561
5430	3561
7243	3561
757	3561
7285	3561
7741	3561
5616	3561
2540	3561
2222	3561
2822	3561
7189	3561
3787	3561
3564	2519
3772	2519
1	2519
1291	2519
3217	2519
7652	2519
5363	2519
6906	2519
7068	2519
7590	2519
14	2519
3426	2519
2449	247
2557	247
7785	247
2070	247
5278	247
1200	247
2368	247
3589	247
8036	247
4012	247
7000	247
6994	247
6642	2239
7735	2239
5371	2239
2724	2239
3572	2239
3965	2239
2227	2239
7336	2239
237	2239
5495	2239
7582	2239
1121	2239
2383	2921
3957	2921
2998	2921
1187	2921
1471	2921
3047	2921
3469	2921
2126	2921
5221	2921
1988	2921
6845	2921
7404	2921
4643	123
5138	123
6803	123
4262	123
4529	123
7403	123
2427	123
525	123
1075	123
6254	123
3217	123
3530	123
3813	404
6051	404
1416	404
4666	404
7406	404
1468	404
7189	404
1409	404
5214	404
4164	404
1608	404
3065	404
3007	4339
5784	4339
3445	4339
5220	4339
1606	4339
1400	4339
6071	4339
6335	4339
6620	4339
7904	4339
2975	4339
861	4339
4289	3105
6373	3105
4767	3105
1195	3105
3813	3105
780	3105
1257	3105
4320	3105
1495	3105
2453	3105
6151	3105
491	3105
7793	3254
2453	3254
7741	3254
6543	3254
5914	3254
1473	3254
5128	3254
5465	3254
725	3254
2394	3254
7858	3254
261	3254
2661	930
5221	930
3486	930
6906	930
2705	930
1138	930
5390	930
2027	930
1536	930
4592	930
2735	930
4238	930
2427	3426
2982	3426
4649	3426
4951	3426
6075	3426
4128	3426
5114	3426
6825	3426
5185	3426
6235	3426
2666	3426
6376	3426
5707	330
5300	330
7172	330
5185	330
1169	330
2469	330
5179	330
7015	330
4463	330
1327	330
4951	330
7808	330
5997	4562
6205	4562
3183	4562
405	4562
496	4562
2253	4562
7707	4562
927	4562
1988	4562
7243	4562
5221	4562
998	4562
1517	3628
858	3628
6656	3628
62	3628
2540	3628
6133	3628
4762	3628
4213	3628
6798	3628
2408	3628
752	3628
7243	3628
6185	1619
7293	1619
4649	1619
5748	1619
4703	1619
1495	1619
5220	1619
629	1619
1256	1619
2339	1619
6341	1619
365	1619
2277	3300
4289	3300
1495	3300
1987	3300
4539	3300
1482	3300
1321	3300
7644	3300
3893	3300
2593	3300
4844	3300
6283	3300
3498	4465
7652	4465
205	4465
4859	4465
883	4465
1259	4465
1163	4465
3127	4465
2488	4465
2175	4465
686	4465
5838	4465
1985	1105
4911	1105
3752	1105
1006	1105
2511	1105
1765	1105
7975	1105
1628	1105
3387	1105
1606	1105
4452	1105
3723	1105
1032	4751
4858	4751
4305	4751
4875	4751
2488	4751
331	4751
7904	4751
7084	4751
6794	4751
5725	4751
2532	4751
6168	4751
1311	671
1773	671
6862	671
7285	671
4649	671
7875	671
1200	671
7881	671
7656	671
5128	671
313	671
2455	671
6074	605
6854	605
3048	605
6471	605
6620	605
775	605
3174	605
6376	605
4777	605
5126	605
4767	605
7604	605
903	4022
933	4022
7884	4022
1495	4022
865	4022
367	4022
112	4022
7445	4022
2860	4022
1035	4022
610	4022
3844	4022
2540	2866
6208	2866
4397	2866
2204	2866
4335	2866
3813	2866
1772	2866
4653	2866
4093	2866
4863	2866
6416	2866
3233	2866
8032	1169
237	1169
5127	1169
1606	1169
5159	1169
6972	1169
3899	1169
2458	1169
5140	1169
5886	1169
875	1169
5214	1169
5169	878
2205	878
7068	878
702	878
453	878
3179	878
3521	878
5159	878
407	878
3742	878
6214	878
1135	878
4709	3537
5442	3537
5827	3537
5550	3537
1017	3537
725	3537
2412	3537
4776	3537
3607	3537
239	3537
5635	3537
2811	3537
6225	4690
261	4690
7142	4690
7735	4690
2031	4690
5942	4690
5297	4690
1313	4690
7756	4690
6575	4690
6804	4690
4709	4690
4767	223
6214	223
647	223
649	223
6421	223
3844	223
2617	223
4951	223
3337	223
7858	223
5642	223
1400	223
2408	2595
3114	2595
1200	2595
5827	2595
2464	2595
4298	2595
328	2595
1439	2595
1414	2595
8032	2595
765	2595
6732	2595
790	322
8026	322
1313	322
6362	322
2291	322
7411	322
4600	322
5336	322
3772	322
4599	322
1512	322
2687	322
2412	1199
6671	1199
1257	1199
5211	1199
2661	1199
2330	1199
6794	1199
4666	1199
7741	1199
5827	1199
3065	1199
6590	1199
3596	906
2728	906
1517	906
8021	906
1235	906
5176	906
6453	906
2510	906
1765	906
6656	906
4335	906
7324	906
2817	501
4096	501
367	501
3959	501
5044	501
7319	501
7015	501
7013	501
2694	501
8	501
5294	501
1293	501
1125	720
144	720
6050	720
792	720
3384	720
3680	720
7474	720
1409	720
757	720
2813	720
5795	720
6113	720
6881	1825
2196	1825
2754	1825
3752	1825
2560	1825
7858	1825
8021	1825
5002	1825
3000	1825
4828	1825
5030	1825
6448	1825
1869	2092
974	2092
1849	2092
23	2092
7148	2092
5044	2092
3856	2092
1398	2092
240	2092
5704	2092
5164	2092
2462	2092
7642	1566
496	1566
7979	1566
7014	1566
7068	1566
2453	1566
5750	1566
7088	1566
5221	1566
7623	1566
5975	1566
212	1566
6422	3267
7979	3267
4539	3267
2218	3267
1643	3267
1495	3267
1256	3267
610	3267
835	3267
7151	3267
2581	3267
6462	3267
583	2340
4074	2340
1400	2340
1294	2340
2540	2340
4289	2340
7808	2340
3273	2340
5305	2340
743	2340
6214	2340
4238	2340
5214	3467
7248	3467
6055	3467
7056	3467
1700	3467
5973	3467
1510	3467
790	3467
865	3467
1075	3467
1765	3467
3917	3467
4725	45
2079	45
4583	45
3643	45
2052	45
4950	45
3742	45
7381	45
5602	45
6208	45
3606	45
6472	45
3967	4744
573	4744
7754	4744
7975	4744
3405	4744
7415	4744
2557	4744
276	4744
7041	4744
4971	4744
6494	4744
5467	4744
6278	2173
757	2173
1379	2173
6315	2173
1163	2173
4247	2173
7474	2173
6254	2173
4095	2173
1627	2173
1649	2173
3947	2173
5253	3972
7041	3972
2159	3972
3084	3972
2563	3972
1477	3972
7088	3972
5220	3972
3752	3972
1606	3972
7435	3972
1916	3972
5673	591
6671	591
4289	591
4700	591
1294	591
2980	591
5444	591
4397	591
1135	591
239	591
4592	591
2705	591
743	3401
2277	3401
6448	3401
3301	3401
3932	3401
7256	3401
1333	3401
790	3401
1692	3401
7243	3401
499	3401
3971	3401
157	4553
2308	4553
1772	4553
1601	4553
80	4553
7406	4553
7064	4553
1416	4553
5700	4553
702	4553
1398	4553
7025	4553
2278	2382
3090	2382
3115	2382
1628	2382
5290	2382
4256	2382
5043	2382
7716	2382
1700	2382
2909	2382
1075	2382
5475	2382
4777	1476
3733	1476
505	1476
5637	1476
4096	1476
725	1476
6031	1476
1398	1476
205	1476
109	1476
796	1476
7192	1476
3526	2996
1865	2996
2848	2996
1524	2996
1833	2996
2659	2996
4523	2996
367	2996
2340	2996
6254	2996
1922	2996
112	2996
7318	734
681	734
486	734
6862	734
4539	734
3965	734
554	734
2853	734
6273	734
1293	734
610	734
4020	734
1590	2105
5000	2105
5545	2105
8035	2105
4888	2105
4108	2105
1181	2105
5913	2105
994	2105
4709	2105
6864	2105
1031	2105
2205	2883
5383	2883
6039	2883
1624	2883
5177	2883
4114	2883
505	2883
883	2883
7285	2883
4289	2883
1181	2883
5294	2883
2673	4380
5190	4380
7319	4380
757	4380
6307	4380
1289	4380
145	4380
4132	4380
3260	4380
5256	4380
3209	4380
6026	4380
7619	1116
4250	1116
3179	1116
6989	1116
7952	1116
7651	1116
3606	1116
2412	1116
1288	1116
1608	1116
6416	1116
7043	1116
135	3026
6273	3026
1293	3026
47	3026
2272	3026
3241	3026
409	3026
1948	3026
0	3026
4164	3026
4599	3026
5128	3026
7623	700
583	700
174	700
5725	700
6254	700
5357	700
4197	700
1962	700
7741	700
4721	700
3699	700
1608	700
3007	2846
725	2846
3417	2846
4717	2846
5401	2846
3471	2846
7926	2846
1442	2846
328	2846
2787	2846
4364	2846
1223	2846
7758	2044
1716	2044
6214	2044
7490	2044
3895	2044
7220	2044
7897	2044
6135	2044
3772	2044
1442	2044
6469	2044
247	2044
4653	4585
321	4585
2930	4585
702	4585
407	4585
157	4585
4289	4585
6469	4585
3314	4585
3893	4585
1468	4585
3179	4585
3577	4159
924	4159
4777	4159
7671	4159
4074	4159
7454	4159
5525	4159
1257	4159
3844	4159
127	4159
7448	4159
4123	4159
7084	4670
1169	4670
5649	4670
2540	4670
4172	4670
2754	4670
4251	4670
3785	4670
5692	4670
6218	4670
2520	4670
1860	4670
681	3192
5744	3192
1825	3192
4636	3192
3733	3192
7741	3192
1484	3192
4142	3192
6121	3192
1573	3192
6974	3192
4709	3192
7258	1773
1748	1773
7754	1773
5545	1773
7256	1773
4809	1773
1972	1773
5092	1773
5430	1773
2427	1773
3953	1773
6437	1773
6728	637
7735	637
7884	637
3833	637
5307	637
5246	637
861	637
554	637
3647	637
5465	637
512	637
1075	637
2427	3464
973	3464
5623	3464
795	3464
4230	3464
3105	3464
3244	3464
6984	3464
6803	3464
1378	3464
899	3464
565	3464
692	522
4858	522
6110	522
3938	522
7778	522
6862	522
1058	522
7256	522
1163	522
4599	522
4889	522
6421	522
1108	2948
865	2948
2391	2948
1655	2948
7822	2948
236	2948
2775	2948
4095	2948
1281	2948
2475	2948
852	2948
7871	2948
6678	1954
5795	1954
6082	1954
300	1954
4229	1954
7442	1954
4211	1954
5220	1954
937	1954
909	1954
496	1954
7822	1954
2593	1297
7043	1297
654	1297
306	1297
5211	1297
6714	1297
1773	1297
7034	1297
4767	1297
4289	1297
5923	1297
4335	1297
1948	78
7884	78
1704	78
2408	78
5067	78
47	78
775	78
2988	78
6719	78
5753	78
6535	78
4020	78
4494	1179
4529	1179
2748	1179
2359	1179
7412	1179
641	1179
301	1179
1409	1179
4709	1179
7544	1179
605	1179
4262	1179
1613	2730
1970	2730
5521	2730
7858	2730
3030	2730
2344	2730
7928	2730
1627	2730
1235	2730
358	2730
7336	2730
5160	2730
4869	1499
236	1499
5336	1499
3088	1499
4078	1499
2371	1499
7879	1499
790	1499
2785	1499
6039	1499
3958	1499
4842	1499
752	3740
2852	3740
6443	3740
744	3740
6427	3740
3613	3740
7013	3740
1281	3740
7256	3740
6590	3740
1765	3740
6715	3740
2371	402
2449	402
2236	402
7599	402
7756	402
2408	402
7923	402
5221	402
3997	402
1743	402
2666	402
6478	402
4584	1348
5860	1348
3086	1348
3875	1348
1293	1348
1716	1348
1922	1348
5536	1348
3007	1348
1544	1348
6448	1348
5872	1348
602	1891
6133	1891
7442	1891
1748	1891
7586	1891
7687	1891
933	1891
927	1891
6448	1891
6464	1891
3390	1891
7845	1891
3490	546
6214	546
3742	546
1398	546
4262	546
1992	546
6208	546
4406	546
3530	546
4446	546
4700	546
2219	546
1361	3281
7858	3281
2702	3281
4142	3281
3953	3281
5118	3281
2754	3281
7490	3281
5653	3281
2103	3281
605	3281
5737	3281
205	863
5764	863
3047	863
6906	863
2925	863
5118	863
5429	863
1181	863
765	863
7357	863
4529	863
6370	863
6463	1115
4909	1115
2219	1115
5211	1115
6534	1115
1826	1115
5673	1115
6922	1115
507	1115
4914	1115
2079	1115
3114	1115
2794	371
6929	371
5737	371
7454	371
2795	371
4750	371
4155	371
8021	371
656	371
4767	371
2296	371
1462	371
5795	1945
2222	1945
7260	1945
3512	1945
821	1945
1649	1945
2795	1945
4339	1945
4762	1945
2511	1945
4828	1945
1471	1945
109	985
7766	985
7819	985
4572	985
3382	985
6350	985
6881	985
2469	985
3613	985
6804	985
238	985
647	985
6922	1129
1833	1129
1281	1129
215	1129
4807	1129
5725	1129
3347	1129
4335	1129
4721	1129
3589	1129
1200	1129
5191	1129
4926	375
3875	375
2492	375
5903	375
6350	375
4172	375
6458	375
625	375
2909	375
3341	375
5545	375
7781	375
1009	4467
5082	4467
4553	4467
3844	4467
3898	4467
4363	4467
2427	4467
4411	4467
3050	4467
5981	4467
94	4467
1318	4467
1571	4237
3967	4237
5942	4237
4599	4237
434	4237
5118	4237
1477	4237
7884	4237
6804	4237
6273	4237
372	4237
5405	4237
5294	1354
4248	1354
3471	1354
7248	1354
5268	1354
6055	1354
5390	1354
7518	1354
3486	1354
7451	1354
6909	1354
5637	1354
163	3399
3967	3399
5700	3399
1138	3399
1865	3399
4446	3399
4074	3399
4384	3399
6642	3399
2941	3399
7695	3399
6039	3399
1649	1355
1765	1355
6310	1355
5537	1355
7547	1355
2527	1355
4325	1355
372	1355
4642	1355
3947	1355
116	1355
4148	1355
7786	417
3589	417
2722	417
1746	417
1660	417
4966	417
5737	417
7014	417
3613	417
5067	417
5665	417
744	417
5223	631
7953	631
382	631
3114	631
7023	631
1522	631
6254	631
152	631
5465	631
4797	631
6066	631
2412	631
8036	3871
6382	3871
4658	3871
4015	3871
6388	3871
7336	3871
4471	3871
7900	3871
594	3871
7493	3871
3512	3871
2694	3871
2600	2987
3262	2987
6641	2987
3362	2987
102	2987
437	2987
2860	2987
7845	2987
2236	2987
489	2987
4471	2987
7561	2987
6779	4659
2742	4659
656	4659
6712	4659
8032	4659
2536	4659
1649	4659
5750	4659
3507	4659
7149	4659
1757	4659
1544	4659
6225	3897
7357	3897
1495	3897
1327	3897
5764	3897
5942	3897
4350	3897
5128	3897
5869	3897
6972	3897
4248	3897
4298	3897
1035	183
1075	183
5214	183
4020	183
1791	183
2545	183
2617	183
305	183
135	183
5973	183
5538	183
7884	183
4020	3992
7845	3992
4599	3992
4164	3992
2079	3992
1732	3992
2453	3992
7599	3992
4810	3992
6916	3992
4152	3992
4636	3992
6815	1578
3875	1578
7134	1578
1524	1578
1448	1578
6994	1578
332	1578
934	1578
200	1578
4561	1578
6794	1578
2724	1578
3336	3378
865	3378
1648	3378
7896	3378
3421	3378
5795	3378
2383	3378
7599	3378
1748	3378
3879	3378
1765	3378
3260	3378
5654	4303
5154	4303
5550	4303
2488	4303
2853	4303
6671	4303
7882	4303
4709	4303
4529	4303
654	4303
3807	4303
6388	4303
7118	4511
2383	4511
1624	4511
2639	4511
7843	4511
603	4511
6496	4511
7815	4511
3260	4511
3273	4511
167	4511
5008	4511
5129	2748
116	2748
5529	2748
219	2748
1510	2748
4724	2748
1649	2748
1549	2748
1716	2748
2362	2748
6657	2748
208	2748
7189	628
442	628
3174	628
5214	628
7240	628
1388	628
3964	628
2527	628
109	628
6404	628
3139	628
3490	628
974	1759
6804	1759
6909	1759
647	1759
7884	1759
4539	1759
775	1759
934	1759
1512	1759
6016	1759
7798	1759
2795	1759
5744	2954
5152	2954
1860	2954
4164	2954
5118	2954
7706	2954
5848	2954
7872	2954
1477	2954
6376	2954
6898	2954
5628	2954
4700	1295
6848	1295
3237	1295
4648	1295
2987	1295
5782	1295
4914	1295
1992	1295
3490	1295
4397	1295
2272	1295
947	1295
4947	3018
2742	3018
2860	3018
2118	3018
1244	3018
7644	3018
7285	3018
7256	3018
824	3018
757	3018
6031	3018
6643	3018
6824	2681
2930	2681
2795	2681
7992	2681
3417	2681
2702	2681
2698	2681
5429	2681
1361	2681
5290	2681
2340	2681
1379	2681
1791	436
434	436
1606	436
7360	436
1922	436
5616	436
1502	436
109	436
2488	436
5501	436
3217	436
5700	436
973	1285
554	1285
367	1285
5465	1285
2508	1285
7261	1285
7884	1285
5667	1285
6728	1285
135	1285
699	1285
2488	1285
7934	1917
4696	1917
109	1917
656	1917
6825	1917
5548	1917
7240	1917
3390	1917
2350	1917
6031	1917
6898	1917
1477	1917
4767	2018
6210	2018
729	2018
5782	2018
2253	2018
2682	2018
744	2018
5657	2018
4020	2018
1540	2018
4164	2018
1705	2018
2487	3522
1235	3522
2449	3522
4238	3522
1281	3522
5905	3522
7858	3522
2476	3522
4172	3522
5118	3522
5220	3522
2269	3522
2987	838
2125	838
5211	838
6920	838
5127	838
4725	838
7651	838
6100	838
4390	838
4163	838
571	838
7619	838
4750	1699
2860	1699
865	1699
3343	1699
5996	1699
6496	1699
496	1699
2813	1699
7825	1699
5614	1699
6012	1699
7687	1699
4878	4727
1281	4727
681	4727
6278	4727
2527	4727
620	4727
367	4727
1163	4727
6259	4727
2437	4727
1624	4727
247	4727
758	2131
2015	2131
4257	2131
7285	2131
2373	2131
6103	2131
3612	2131
109	2131
1281	2131
6133	2131
5085	2131
5549	2131
7212	1502
4211	1502
2206	1502
7319	1502
883	1502
3047	1502
5413	1502
7256	1502
5987	1502
6909	1502
713	1502
2578	1502
1978	4009
1996	4009
6656	4009
6133	4009
2236	4009
7319	4009
1512	4009
7900	4009
1627	4009
3421	4009
7400	4009
6460	4009
1007	132
507	132
2464	132
1256	132
5951	132
7975	132
7043	132
756	132
2002	132
174	132
6826	132
4484	132
2906	3274
109	3274
7691	3274
6016	3274
1997	3274
1851	3274
5270	3274
3735	3274
1153	3274
6453	3274
2449	3274
6215	3274
6214	760
6416	760
2824	760
7449	760
6065	760
7189	760
2892	760
1922	760
2205	760
2939	760
2667	760
3959	760
4941	2807
3376	2807
4494	2807
5673	2807
192	2807
1398	2807
6100	2807
7908	2807
6469	2807
765	2807
2205	2807
5635	2807
7153	3291
8011	3291
3643	3291
4539	3291
756	3291
5075	3291
3312	3291
1578	3291
4343	3291
738	3291
7360	3291
3772	3291
2982	1610
1638	1610
1285	1610
6218	1610
7271	1610
2540	1610
2520	1610
2296	1610
3486	1610
4767	1610
1187	1610
5951	1610
7530	1511
2754	1511
4093	1511
5525	1511
743	1511
7819	1511
2464	1511
1367	1511
7650	1511
3752	1511
2858	1511
1876	1511
2488	4434
3691	4434
6566	4434
752	4434
7104	4434
1655	4434
2655	4434
6845	4434
6715	4434
8024	4434
6298	4434
6133	4434
2698	4444
2860	4444
7194	4444
2079	4444
1747	4444
398	4444
6732	4444
4767	4444
1294	4444
5673	4444
3490	4444
490	4444
7716	2993
6796	2993
7449	2993
1455	2993
7240	2993
5444	2993
7905	2993
3821	2993
1160	2993
417	2993
6015	2993
5294	2993
3874	4072
5507	4072
505	4072
2881	4072
2492	4072
2488	4072
702	4072
1896	4072
2464	4072
7722	4072
7357	4072
6312	4072
6218	1252
310	1252
3613	1252
1495	1252
2476	1252
6627	1252
2272	1252
2001	1252
4335	1252
4878	1252
3947	1252
2789	1252
2453	4203
6909	4203
3507	4203
7973	4203
7275	4203
2427	4203
2853	4203
3589	4203
867	4203
3047	4203
2860	4203
4330	4203
1916	4423
3647	4423
1765	4423
1289	4423
6247	4423
2880	4423
167	4423
6448	4423
7383	4423
2180	4423
1035	4423
1471	4423
8036	3534
1807	3534
2724	3534
6496	3534
7212	3534
405	3534
300	3534
1988	3534
2234	3534
2949	3534
2033	3534
7118	3534
1825	2822
1484	2822
3733	2822
7369	2822
7884	2822
2516	2822
47	2822
7099	2822
6113	2822
5942	2822
1075	2822
4709	2822
7691	3053
7478	3053
7858	3053
7520	3053
8004	3053
7680	3053
5164	3053
4213	3053
4700	3053
1023	3053
1649	3053
7195	3053
1872	2540
5764	2540
5221	2540
6972	2540
1218	2540
1899	2540
4902	2540
398	2540
6910	2540
5860	2540
2392	2540
5700	2540
4777	3638
2434	3638
587	3638
2949	3638
7520	3638
1748	3638
1029	3638
2391	3638
3534	3638
1633	3638
5222	3638
5164	3638
2363	1775
5996	1775
7304	1775
192	1775
592	1775
238	1775
4883	1775
2210	1775
3273	1775
7309	1775
6804	1775
6039	1775
4178	3452
1791	3452
6563	3452
702	3452
7041	3452
1195	3452
7530	3452
2277	3452
7520	3452
2939	3452
4767	3452
6642	3452
2754	420
2687	420
6909	420
7599	420
7871	420
2296	420
5879	420
4202	420
5363	420
6475	420
5307	420
3127	420
3114	4631
4896	4631
3537	4631
3007	4631
6214	4631
3047	4631
4529	4631
1257	4631
758	4631
4599	4631
958	4631
2352	4631
7361	874
2026	874
6065	874
1916	874
6922	874
359	874
2231	874
1828	874
312	874
3216	874
3896	874
4941	874
7741	2887
6120	4364
1291	4300
