379	770
452	770
477	770
1459	770
1195	770
248	770
548	770
1093	418
1042	418
1231	418
167	418
633	418
802	418
252	418
206	1775
262	1775
250	1775
45	1775
258	1775
215	1775
285	1775
461	597
719	597
906	597
947	597
888	597
204	597
558	597
87	1050
1227	1050
771	1050
1230	1050
33	1050
365	1050
1328	1050
336	1131
1356	1131
284	1131
961	1131
873	1131
18	1131
719	1131
135	716
252	716
115	716
5	716
120	716
555	716
359	716
222	316
1569	316
907	316
348	316
501	316
372	316
762	316
156	240
285	240
3	240
44	240
370	240
832	240
1536	240
386	1119
348	1119
385	1119
743	1119
543	1119
14	1119
612	1119
87	1765
252	1765
819	1765
3	1765
456	1765
443	1765
1049	1765
1483	2466
219	2466
262	2466
372	2466
808	2466
624	2466
1498	2466
217	1385
1573	1385
338	1385
472	1385
90	1385
1042	1385
215	1385
228	882
980	882
5	882
597	882
386	882
719	882
115	882
1433	1088
1463	1088
318	1088
762	1088
875	1088
522	1088
18	1088
217	835
1078	835
1391	835
126	835
3	835
252	835
1301	835
179	404
166	404
1398	404
877	404
1237	404
829	404
147	404
342	834
1207	834
1169	834
404	834
252	834
298	834
1334	834
388	200
162	200
825	200
995	200
3	200
215	200
5	200
1001	2016
597	2016
766	2016
5	2016
39	2016
31	2016
3	2016
1231	1141
47	1141
1258	1141
206	1141
1369	1141
170	1141
279	1141
161	2343
325	2343
692	2343
688	2343
1123	2343
897	2343
377	2343
452	454
1306	454
610	454
252	454
166	454
56	454
1088	454
514	38
880	38
1134	38
234	38
126	38
32	38
1391	38
1461	1097
1090	1097
77	1097
1059	1097
2	1097
355	1097
841	1097
806	1043
1207	1043
522	1043
267	1043
1165	1043
447	1043
1433	1043
1049	479
504	479
612	479
678	479
393	479
674	479
904	479
411	672
388	672
36	672
178	672
802	672
385	672
377	672
284	2594
941	2594
258	2594
342	2594
302	2594
1559	2594
899	2594
516	492
103	492
358	492
285	492
937	492
252	492
590	492
155	722
358	722
74	722
541	722
179	722
252	722
655	722
1125	73
1158	73
369	73
386	73
898	73
34	73
1061	73
1384	18
1363	18
612	18
678	18
119	18
39	18
62	18
1423	42
508	42
82	42
203	42
326	42
103	42
107	42
206	1258
690	1258
350	1258
343	1258
678	1258
558	1258
671	1258
100	1349
388	1349
310	1349
348	1349
1378	1349
3	1349
252	1349
252	2000
386	2000
560	2000
195	2000
222	2000
307	2000
1068	2000
77	489
247	489
448	489
297	489
302	489
172	489
1337	489
75	986
551	986
558	986
372	986
484	986
326	986
31	986
342	506
282	506
1439	506
115	506
476	506
217	506
940	506
258	629
522	629
533	629
1215	629
180	629
400	629
456	629
20	947
452	947
995	947
377	947
172	947
1093	947
688	947
731	486
558	486
516	486
959	486
436	486
681	486
385	486
643	219
316	219
600	219
1539	219
1098	219
1538	219
936	219
113	1087
18	1087
1262	1087
262	1087
1039	1087
557	1087
723	1087
126	2189
531	2189
40	2189
337	2189
3	2189
357	2189
501	2189
540	29
90	29
17	29
113	29
432	29
234	29
878	29
995	498
86	498
877	498
206	498
1090	498
388	498
228	498
275	1014
355	1014
766	1014
590	1014
214	1014
788	1014
386	1014
573	1127
609	1127
448	1127
222	1127
342	1127
285	1127
968	1127
252	987
336	987
516	987
695	987
624	987
963	987
197	987
1052	647
551	647
907	647
1318	647
1297	647
115	647
187	647
560	386
448	386
86	386
39	386
258	386
385	386
350	386
85	214
438	214
1031	214
1190	214
587	214
140	214
5	214
210	856
671	856
674	856
206	856
217	856
103	856
338	856
961	1926
87	1926
166	1926
687	1926
262	1926
285	1926
801	1926
406	1049
558	1049
892	1049
3	1049
358	1049
115	1049
14	1049
293	823
1090	823
86	823
228	823
516	823
674	823
326	823
5	478
762	478
103	478
1170	478
39	478
1082	478
1119	478
167	1227
252	1227
458	1227
661	1227
258	1227
49	1227
44	1227
887	437
147	437
904	437
196	437
1071	437
635	437
20	437
155	136
166	136
115	136
181	136
77	136
258	136
1016	136
166	125
228	125
113	125
217	125
516	125
385	125
3	125
721	302
73	302
1077	302
173	302
1314	302
840	302
358	302
369	622
88	622
963	622
228	622
293	622
1233	622
1006	622
701	128
211	128
1078	128
196	128
42	128
959	128
1258	128
205	1007
1282	1007
1231	1007
77	1007
860	1007
166	1007
418	1007
252	748
3	748
234	748
1285	748
813	748
1006	748
688	748
252	1556
876	1556
1173	1556
97	1556
456	1556
173	1556
902	1556
425	491
252	491
195	491
1573	491
1245	491
202	491
643	491
388	1735
109	1735
958	1735
285	1735
54	1735
613	1735
671	1735
5	450
756	450
237	450
1024	450
624	450
616	450
935	450
1464	115
385	115
77	115
666	115
512	115
978	115
38	115
814	2165
258	2165
393	2165
796	2165
421	2165
302	2165
1061	2165
326	1894
114	1894
272	1894
206	1894
355	1894
388	1894
44	1894
3	246
252	246
202	246
5	246
1062	246
563	246
356	246
392	521
82	521
859	521
1126	521
705	521
1546	521
154	521
429	1057
336	1057
516	1057
284	1057
162	1057
31	1057
866	1057
690	434
1404	434
203	434
448	434
162	434
545	434
1189	434
930	1844
1180	1844
1023	1844
74	1844
322	1844
1044	1844
164	1844
252	766
516	766
648	766
77	766
179	766
386	766
115	766
615	2208
516	2208
341	2208
522	2208
1130	2208
898	2208
257	2208
318	1588
199	1588
3	1588
628	1588
285	1588
1181	1588
678	1588
756	327
87	327
1417	327
1006	327
91	327
386	327
97	327
318	261
126	261
519	261
252	261
612	261
935	261
678	261
65	350
580	350
5	350
549	350
29	350
326	350
147	350
956	502
87	502
502	502
300	502
370	502
589	502
516	502
478	211
516	211
547	211
385	211
678	211
252	211
973	211
522	1053
284	1053
285	1053
907	1053
1038	1053
974	1053
252	1053
312	615
252	615
984	615
1245	615
31	615
655	615
674	615
1309	472
709	472
675	472
1191	472
752	472
898	472
737	472
252	724
1308	724
511	724
385	724
815	724
77	724
5	724
1381	669
624	669
66	669
341	669
258	669
1149	669
1036	669
690	1077
596	1077
350	1077
961	1077
907	1077
1283	1077
258	1077
414	674
418	674
217	674
1409	674
114	674
671	674
140	674
824	30
252	30
609	30
429	30
166	30
44	30
31	30
550	1436
985	1436
1002	1436
657	1436
762	1436
520	1436
1149	1436
167	1315
819	1315
227	1315
372	1315
284	1315
762	1315
801	1315
166	100
1429	100
39	100
103	100
348	100
1207	100
996	100
1138	130
531	130
200	130
234	130
1023	130
1541	130
56	130
873	230
429	230
381	230
109	230
77	230
134	230
207	230
1355	1935
312	1935
795	1935
1254	1935
313	1935
487	1935
589	1935
5	2655
1	2655
671	2655
927	2655
173	2655
820	2655
609	2655
226	2098
1017	2098
252	2098
348	2098
97	2098
305	2098
385	2098
29	2226
904	2226
228	2226
859	2226
205	2226
1082	2226
202	2226
44	2421
938	2421
342	2421
1207	2421
762	2421
498	2421
385	2421
447	2215
5	2215
998	2215
860	2215
440	2215
393	2215
678	2215
407	2084
247	2084
1519	2084
938	2084
678	2084
285	2084
1549	2084
972	981
245	981
560	981
988	981
71	981
1112	981
762	981
675	1302
1283	1302
260	1302
673	1302
31	1302
159	1302
1035	1302
1021	216
888	216
581	216
252	216
614	216
719	216
1022	216
558	2748
940	2748
166	2748
655	2748
86	2748
1125	2748
47	2748
655	87
502	87
1421	87
1275	87
3	87
323	87
206	87
492	1204
690	1204
679	1204
558	1204
252	1204
628	1204
995	1204
868	779
115	779
827	779
57	779
703	779
1322	779
385	779
1091	1133
247	1133
372	1133
31	1133
328	1133
1532	1133
256	1133
326	75
392	75
168	75
351	75
77	75
516	75
400	75
923	1314
398	1314
531	1314
1059	1314
1022	1314
1149	1314
845	1314
674	2010
1151	2010
904	2010
377	2010
77	2010
252	2010
228	2010
708	941
590	941
166	941
1122	941
911	941
44	941
1124	941
386	229
145	229
1112	229
89	229
1093	229
686	229
103	229
597	465
678	465
291	465
234	465
3	465
385	465
1107	465
667	2364
384	2364
1192	2364
341	2364
1098	2364
258	2364
694	2364
351	1266
1141	1266
336	1266
372	1266
1413	1266
228	1266
28	1266
534	1625
690	1625
155	1625
20	1625
432	1625
746	1625
1044	1625
42	1848
5	1848
678	1848
573	1848
1262	1848
285	1848
776	1848
77	101
1381	101
1555	101
29	101
1125	101
5	101
1346	101
47	466
654	466
97	466
695	466
968	466
358	466
608	466
65	594
1071	594
639	594
385	594
2	594
1356	594
904	594
1324	566
926	566
885	566
239	566
187	566
1261	566
3	566
551	2554
166	2554
386	2554
385	2554
575	2554
252	2554
1422	2554
31	2142
1296	2142
285	2142
39	2142
246	2142
651	2142
255	2142
77	1041
930	1041
766	1041
599	1041
751	1041
671	1041
1158	1041
195	1322
369	1322
1376	1322
1430	1322
1056	1322
1125	1322
85	1322
485	262
802	262
623	262
388	262
578	262
1009	262
385	262
963	2281
690	2281
97	2281
187	2281
603	2281
1000	2281
72	2281
1002	1286
624	1286
203	1286
285	1286
340	1286
220	1286
421	1286
1127	1442
1201	1442
609	1442
32	1442
1369	1442
114	1442
226	1442
995	690
1221	690
1402	690
902	690
307	690
1199	690
429	690
516	2407
252	2407
762	2407
489	2407
5	2407
558	2407
31	2407
31	2003
3	2003
1537	2003
53	2003
5	2003
898	2003
831	2003
285	208
1357	208
385	208
579	208
355	208
323	208
31	208
3	1566
239	1566
252	1566
448	1566
1355	1566
115	1566
1313	1566
252	141
350	141
864	141
73	141
91	141
337	141
1158	141
187	1167
1292	1167
59	1167
558	1167
87	1167
173	1167
1071	1167
234	539
686	539
801	539
653	539
560	539
459	539
742	539
636	1549
262	1549
115	1549
326	1549
1553	1549
5	1549
554	1549
963	1174
1394	1174
903	1174
3	1174
986	1174
239	1174
51	1174
40	714
5	714
1169	714
262	714
324	714
922	714
252	714
832	608
1370	608
990	608
1082	608
385	608
198	608
1064	608
1072	686
563	686
423	686
115	686
1170	686
202	686
252	686
205	188
727	188
708	188
447	188
1115	188
451	188
884	188
102	1706
187	1706
91	1706
617	1706
172	1706
77	1706
160	1706
927	1675
1378	1675
1376	1675
34	1675
206	1675
195	1675
2	1675
1235	102
414	102
140	102
264	102
99	102
97	102
807	102
395	952
1445	952
385	952
615	952
898	952
228	952
3	952
1457	797
310	797
269	797
20	797
22	797
283	797
665	797
14	1035
558	1035
575	1035
285	1035
292	1035
421	1035
1429	1035
178	54
267	54
448	54
643	54
391	54
97	54
215	54
1427	668
234	668
696	668
195	668
799	668
393	668
427	668
607	1073
558	1073
312	1073
217	1073
588	1073
801	1073
385	1073
1054	508
247	508
326	508
605	508
316	508
3	508
584	508
662	827
77	827
350	827
1378	827
611	827
986	827
721	827
31	846
1137	846
1193	846
362	846
561	846
446	846
898	846
1195	497
730	497
369	497
762	497
39	497
29	497
1149	497
458	939
206	939
3	939
1378	939
369	939
429	939
119	939
1130	1494
103	1494
385	1494
404	1494
252	1494
551	1494
1421	1494
228	367
425	367
393	367
642	367
643	367
31	367
316	367
252	654
100	654
173	654
624	654
234	654
115	654
898	654
820	1017
1127	1017
707	1017
972	1017
263	1017
762	1017
385	1017
998	689
103	689
1335	689
114	689
558	689
14	689
1071	689
1377	743
1531	743
802	743
40	743
115	743
173	743
1517	743
735	1149
937	1149
1215	1149
169	1149
164	1149
34	1149
588	1149
877	1288
151	1288
222	1288
447	1288
746	1288
1154	1288
840	1288
1034	1703
537	1703
1534	1703
1016	1703
109	1703
247	1703
351	1703
783	1326
385	1326
646	1326
285	1326
690	1326
5	1326
458	1326
126	433
612	433
122	433
312	433
1480	433
90	433
1049	433
226	1834
87	1834
162	1834
616	1834
147	1834
1554	1834
1149	1834
1470	1084
5	1084
1431	1084
1151	1084
857	1084
678	1084
252	1084
1002	258
386	258
389	258
316	258
616	258
609	258
1130	258
115	192
1115	192
239	192
904	192
1500	192
426	192
377	192
171	259
524	259
726	259
258	259
33	259
17	259
384	259
226	2197
203	2197
788	2197
372	2197
660	2197
254	2197
91	2197
1088	665
31	665
331	665
1022	665
560	665
206	665
1500	665
366	429
557	429
680	429
1001	429
312	429
26	429
399	429
873	973
1413	973
543	973
695	973
440	973
336	973
561	973
205	1220
973	1220
714	1220
831	1220
396	1220
358	1220
118	1220
362	290
1427	290
31	290
458	290
1116	290
741	290
331	290
241	10
113	10
969	10
840	10
601	10
674	10
3	10
448	1823
47	1823
5	1823
252	1823
1267	1823
859	1823
115	1823
1347	2635
239	2635
624	2635
615	2635
316	2635
802	2635
868	2635
183	681
762	681
822	681
1162	681
86	681
342	681
383	681
372	1276
115	1276
54	1276
762	1276
1082	1276
448	1276
1306	1276
48	78
575	78
1546	78
218	78
169	78
249	78
31	78
40	552
518	552
293	552
1364	552
1082	552
355	552
62	552
898	818
247	818
1438	818
10	818
1004	818
703	818
159	818
251	14
302	14
1120	14
990	14
448	14
1112	14
21	14
1412	1489
114	1489
385	1489
113	1489
1496	1489
1059	1489
149	1489
744	1173
238	1173
1230	1173
147	1173
1158	1173
910	1173
285	1173
252	1728
178	1728
310	1728
165	1728
239	1728
1429	1728
241	1728
527	2492
448	2492
516	2492
1195	2492
141	2492
1535	2492
1320	2492
355	151
1382	151
921	151
381	151
1182	151
790	151
22	151
674	1190
637	1190
1058	1190
884	1190
1055	1190
690	1190
135	1190
713	140
113	140
1375	140
307	140
508	140
1332	140
429	140
761	63
448	63
115	63
560	63
22	63
580	63
1263	63
1113	146
252	146
407	146
482	146
39	146
1124	146
44	146
1337	1165
1355	1165
206	1165
166	1165
427	1165
877	1165
1309	1165
35	658
558	658
147	658
252	658
29	658
745	658
1152	658
77	175
1135	175
1262	175
539	175
413	175
625	175
698	175
1309	1375
511	1375
5	1375
488	1375
215	1375
217	1375
639	1375
838	280
18	280
414	280
293	280
1243	280
33	280
258	280
138	1831
309	1831
820	1831
429	1831
25	1831
694	1831
326	1831
522	428
543	428
66	428
173	428
262	428
1403	428
456	428
985	838
277	838
1392	838
108	838
643	838
844	838
115	838
431	312
522	312
589	312
1299	312
961	312
252	312
1108	312
627	1670
172	1670
597	1670
342	1670
228	1670
77	1670
85	1670
54	1478
60	1478
888	1478
425	1478
353	1478
61	1478
85	1478
206	723
52	723
892	723
48	723
1170	723
806	723
387	723
399	1916
1498	1916
558	1916
643	1916
456	1916
166	1916
731	1916
516	1448
848	1448
10	1448
1327	1448
973	1448
907	1448
5	1448
419	1316
435	1316
1190	1316
181	1316
1115	1316
100	1316
1135	1316
215	1217
306	1217
452	1217
678	1217
217	1217
1368	1217
85	1217
788	1960
879	1960
1227	1960
1350	1960
949	1960
65	1960
762	1960
5	1860
985	1860
372	1860
143	1860
65	1860
71	1860
966	1860
1013	1447
837	1447
348	1447
814	1447
450	1447
5	1447
558	1447
1152	2079
1258	2079
876	2079
655	2079
723	2079
252	2079
1447	2079
607	440
875	440
680	440
234	440
952	440
113	440
880	440
717	2672
85	2672
386	2672
1509	2672
597	2672
203	2672
228	2672
31	1931
872	1931
385	1931
285	1931
476	1931
582	1931
33	1931
258	1716
52	1716
845	1716
1170	1716
762	1716
1405	1716
87	1716
655	586
258	586
242	586
110	586
190	586
540	586
573	586
1503	765
386	765
385	765
65	765
637	765
162	765
762	765
1174	154
113	154
151	154
108	154
609	154
918	154
388	154
316	1256
1093	1256
215	1256
873	1256
326	1256
421	1256
285	1256
189	1241
896	1241
1182	1241
242	1241
87	1241
385	1241
582	1241
802	129
998	129
239	129
385	129
1262	129
5	129
578	129
87	485
919	485
41	485
556	485
372	485
371	485
575	485
1276	341
146	341
977	341
217	341
1522	341
252	341
531	341
840	926
347	926
904	926
952	926
23	926
77	926
726	926
1407	1426
967	1426
780	1426
127	1426
44	1426
452	1426
1055	1426
995	456
278	456
935	456
784	456
5	456
814	456
85	456
263	453
1113	453
1177	453
1152	453
1002	453
252	453
44	453
690	1809
540	1809
475	1809
1038	1809
91	1809
278	1809
451	1809
564	1874
89	1874
87	1874
85	1874
1516	1874
97	1874
258	1874
147	1785
731	1785
1052	1785
408	1785
1398	1785
166	1785
1500	1785
5	1120
1046	1120
215	1120
685	1120
31	1120
147	1120
394	1120
897	405
385	405
763	405
877	405
1005	405
1049	405
285	405
252	198
173	198
44	198
242	198
1174	198
1063	198
285	198
1274	1150
695	1150
655	1150
118	1150
840	1150
252	1150
186	1150
831	252
509	252
369	252
880	252
135	252
44	252
18	252
429	410
623	410
655	410
731	410
356	410
127	410
435	410
1072	1139
657	1139
5	1139
3	1139
827	1139
1103	1139
241	1139
97	810
693	810
196	810
496	810
609	810
258	810
589	810
903	2529
695	2529
262	2529
609	2529
85	2529
113	2529
316	2529
1042	822
31	822
744	822
831	822
32	822
217	822
678	822
44	442
442	442
876	442
443	442
540	442
845	442
166	442
1130	199
697	199
1164	199
1132	199
312	199
448	199
269	199
401	1324
1250	1324
54	1324
247	1324
527	1324
5	1324
350	1324
1153	1342
1058	1342
674	1342
1265	1342
1398	1342
516	1342
385	1342
106	2195
181	2195
252	2195
227	2195
247	2195
1076	2195
40	2195
832	319
1499	319
285	319
291	319
891	319
248	319
862	319
103	554
762	554
290	554
1331	554
107	554
217	554
1258	554
1498	1971
994	1971
120	1971
1561	1971
153	1971
558	1971
1527	1971
817	56
960	56
443	56
323	56
71	56
275	56
86	56
500	21
1570	21
678	21
241	21
44	21
1181	21
87	21
377	9
173	9
539	9
1056	9
77	9
476	9
733	9
1037	1392
636	1392
1090	1392
816	1392
1272	1392
1054	1392
1321	1392
252	203
385	203
114	203
684	203
115	203
226	203
66	203
680	238
814	238
97	238
210	238
400	238
713	238
425	238
212	105
665	105
1551	105
252	105
416	105
1035	105
3	105
1098	684
540	684
115	684
77	684
685	684
1056	684
940	684
385	269
187	269
1141	269
1209	269
5	269
535	269
3	269
897	153
3	153
1521	153
240	153
690	153
326	153
115	153
671	1299
773	1299
840	1299
252	1299
385	1299
1285	1299
14	1299
806	1771
162	1771
87	1771
52	1771
905	1771
278	1771
961	1771
554	2609
782	2609
1207	2609
77	2609
986	2609
784	2609
44	2609
1371	322
109	322
657	322
372	322
766	322
898	322
252	322
537	336
905	336
388	336
198	336
276	336
166	336
609	336
1220	1750
128	1750
272	1750
285	1750
103	1750
690	1750
262	1750
877	228
289	228
624	228
429	228
247	228
302	228
1380	228
166	265
103	265
990	265
430	265
239	265
268	265
1082	265
187	2072
802	2072
342	2072
625	2072
274	2072
1523	2072
20	2072
1461	808
531	808
949	808
603	808
690	808
1263	808
85	808
609	275
820	275
1029	275
522	275
262	275
450	275
61	275
19	1254
904	1254
1151	1254
489	1254
251	1254
140	1254
427	1254
221	2275
210	2275
840	2275
97	2275
1163	2275
252	2275
173	2275
468	1714
103	1714
90	1714
22	1714
252	1714
1049	1714
404	1714
399	1244
814	1244
811	1244
898	1244
388	1244
643	1244
624	1244
558	1470
140	1470
555	1470
1398	1470
374	1470
845	1470
55	1470
483	279
302	279
955	279
97	279
113	279
461	279
157	279
5	892
385	892
1427	892
1247	892
603	892
845	892
840	892
323	331
5	331
73	331
252	331
796	331
704	331
1159	331
85	76
690	76
393	76
429	76
1126	76
197	76
695	76
100	2384
678	2384
350	2384
602	2384
385	2384
1109	2384
3	2384
275	1363
518	1363
370	1363
162	1363
388	1363
0	1363
1023	1363
113	1830
216	1830
1132	1830
285	1830
262	1830
613	1830
1039	1830
316	957
1302	957
1227	957
73	957
227	957
1241	957
2	957
132	446
543	446
1082	446
761	446
166	446
3	446
228	446
103	2294
624	2294
690	2294
39	2294
31	2294
400	2294
1297	2294
385	180
816	180
386	180
452	180
1082	180
1395	180
1399	180
429	173
694	173
756	173
302	173
459	173
680	173
589	173
1162	1953
39	1953
100	1953
1119	1953
252	1953
166	1953
482	1953
554	746
187	746
384	746
188	746
1443	746
556	746
44	746
1093	1113
198	1113
231	1113
383	1113
206	1113
100	1113
1069	1113
100	551
316	551
285	551
77	551
995	551
703	551
31	551
504	1444
73	1444
678	1444
1115	1444
189	1444
674	1444
1559	1444
102	1176
806	1176
904	1176
85	1176
258	1176
217	1176
429	1176
516	135
877	135
429	135
609	135
681	135
1035	135
558	135
414	859
40	859
350	859
870	859
338	859
217	859
579	859
502	124
367	124
219	124
1303	124
302	124
143	124
87	124
338	1356
82	1356
703	1356
959	1356
560	1356
217	1356
834	1356
690	995
252	995
1094	995
1023	995
355	995
14	995
34	995
754	843
838	843
385	843
39	843
1077	843
285	843
898	843
680	2205
791	2205
1136	2205
200	2205
762	2205
1039	2205
1082	2205
690	281
126	281
903	281
595	281
815	281
248	281
543	281
949	1279
239	1279
752	1279
252	1279
124	1279
217	1279
203	1279
466	732
39	732
1141	732
872	732
1424	732
963	732
1058	732
903	1002
259	1002
831	1002
653	1002
24	1002
898	1002
1149	1002
600	475
426	475
1203	475
429	475
374	475
247	475
1505	475
372	215
558	215
589	215
812	215
231	215
1411	215
5	215
205	144
247	144
285	144
288	144
1149	144
969	144
269	144
770	1980
803	1980
285	1980
572	1980
3	1980
1381	1980
243	1980
1016	1757
655	1757
429	1757
77	1757
388	1757
5	1757
1235	1757
126	2115
673	2115
770	2115
477	2115
651	2115
42	2115
267	2115
848	925
239	925
949	925
252	925
897	925
247	925
1418	925
756	335
187	335
361	335
690	335
316	335
3	335
1467	335
353	248
452	248
516	248
291	248
877	248
832	248
1126	248
1321	323
252	323
845	323
65	323
22	323
323	323
372	323
224	376
247	376
1082	376
1183	376
1509	376
713	376
1267	376
446	2571
1158	2571
77	2571
114	2571
254	2571
103	2571
377	2571
47	656
77	656
202	656
355	656
115	656
1050	656
429	656
141	1115
845	1115
446	1115
258	1115
97	1115
399	1115
877	1115
818	948
100	948
456	948
977	948
1089	948
1531	948
40	948
258	1483
599	1483
316	1483
326	1483
678	1483
960	1483
421	1483
762	1590
904	1590
23	1590
414	1590
229	1590
455	1590
1115	1590
540	1309
5	1309
814	1309
900	1309
85	1309
674	1309
632	1309
103	1222
385	1222
49	1222
588	1222
85	1222
737	1222
654	1222
285	1044
1244	1044
539	1044
76	1044
291	1044
1043	1044
877	1044
85	1582
166	1582
143	1582
1065	1582
31	1582
285	1582
609	1582
1170	1018
1080	1018
385	1018
678	1018
1035	1018
801	1018
239	1018
516	884
247	884
1146	884
419	884
455	884
544	884
269	884
3	2443
1305	2443
909	2443
891	2443
247	2443
1539	2443
66	2443
421	1705
877	1705
892	1705
85	1705
1398	1705
784	1705
695	1705
754	1020
22	1020
568	1020
734	1020
1395	1020
113	1020
481	1020
1374	854
302	854
448	854
844	854
187	854
1440	854
44	854
290	20
1498	20
719	20
140	20
1335	20
258	20
97	20
762	329
29	329
285	329
1207	329
624	329
1112	329
1302	329
458	850
1369	850
845	850
423	850
536	850
291	850
47	850
749	602
506	602
999	602
642	602
97	602
717	602
845	602
1490	974
87	974
1023	974
1016	974
894	974
959	974
678	974
655	358
690	358
178	358
1038	358
170	358
36	358
1284	358
252	2078
3	2078
609	2078
166	2078
1368	2078
966	2078
1004	2078
262	2488
97	2488
515	2488
386	2488
413	2488
52	2488
391	2488
206	278
448	278
162	278
203	278
572	278
126	278
5	278
665	526
369	526
14	526
827	526
239	526
252	526
811	526
421	1674
89	1674
31	1674
847	1674
1368	1674
840	1674
877	1674
197	2280
44	2280
516	2280
1407	2280
324	2280
452	2280
589	2280
904	1301
44	1301
147	1301
166	1301
1500	1301
40	1301
1398	1301
898	170
612	170
31	170
1201	170
1011	170
560	170
40	170
429	1377
1082	1377
460	1377
168	1377
1021	1377
115	1377
479	1377
218	727
894	727
421	727
832	727
789	727
1543	727
48	727
625	396
342	396
187	396
528	396
762	396
252	396
466	396
114	1242
341	1242
31	1242
219	1242
38	1242
91	1242
1048	1242
99	1108
151	1108
543	1108
448	1108
285	1108
1023	1108
703	1108
838	436
310	436
252	436
1517	436
877	436
429	436
1258	436
1546	1111
1082	1111
372	1111
166	1111
31	1111
1021	1111
959	1111
860	1611
109	1611
160	1611
920	1611
455	1611
531	1611
140	1611
784	96
1421	96
1113	96
1362	96
1024	96
1084	96
87	96
573	1024
667	1024
1569	1024
221	1024
687	1024
385	1024
3	1024
310	871
369	871
831	871
1008	871
409	871
259	871
430	871
600	999
395	999
702	999
1491	999
77	999
31	999
1436	999
1162	894
47	894
285	894
100	894
85	894
140	894
5	894
386	1104
443	1104
228	1104
1037	1104
597	1104
907	1104
896	1104
74	858
252	858
1198	858
424	858
467	858
555	858
516	858
369	1963
44	1963
187	1963
1558	1963
70	1963
904	1963
328	1963
285	580
4	580
228	580
1388	580
666	580
811	580
278	580
54	1126
57	1126
38	1126
172	1126
557	1126
372	1126
1172	1126
462	2130
1429	2130
587	2130
29	2130
425	2130
374	2130
323	2130
932	2287
140	2287
91	2287
457	2287
1243	2287
1165	2287
725	2287
741	961
87	961
80	961
816	961
747	961
3	961
206	961
671	2497
46	2497
372	2497
166	2497
97	2497
1556	2497
988	2497
115	1486
252	1486
385	1486
472	1486
285	1486
429	1486
3	1486
1112	1045
35	1045
80	1045
179	1045
430	1045
374	1045
331	1045
252	1534
1375	1534
103	1534
31	1534
960	1534
479	1534
285	1534
644	1518
1447	1518
3	1518
280	1518
297	1518
683	1518
242	1518
369	46
114	46
983	46
166	46
173	46
898	46
21	46
40	515
1034	515
44	515
421	515
145	515
540	515
1088	515
1201	417
166	417
386	417
235	417
115	417
147	417
204	417
34	184
406	184
1378	184
385	184
877	184
3	184
355	184
393	610
197	610
678	610
349	610
258	610
654	610
369	610
540	2157
721	2157
623	2157
3	2157
684	2157
1058	2157
202	2157
39	3359
187	3359
838	3359
77	3359
134	3359
291	3359
306	3359
220	377
326	377
671	377
421	377
166	377
386	377
531	377
316	1445
451	1445
166	1445
173	1445
831	1445
240	1445
678	1445
935	2730
468	2730
962	2730
502	2730
1059	2730
5	2730
1369	2730
1180	98
1495	98
263	98
1268	98
674	98
35	98
1513	98
603	2633
3	2633
377	2633
348	2633
1061	2633
385	2633
732	2633
456	387
531	387
262	387
14	387
557	387
147	387
448	387
200	1129
181	1129
108	1129
762	1129
429	1129
228	1129
969	1129
5	642
1519	642
973	642
247	642
678	642
1153	642
628	642
645	1733
716	1733
1299	1733
678	1733
153	1733
1108	1733
522	1733
34	563
355	563
252	563
655	563
619	563
166	563
1487	563
727	1638
1039	1638
531	1638
351	1638
77	1638
988	1638
5	1638
115	194
385	194
1288	194
1330	194
1293	194
603	194
685	194
429	809
108	809
877	809
995	809
78	809
727	809
77	809
205	841
166	841
75	841
217	841
832	841
187	841
221	841
316	1537
655	1537
573	1537
252	1537
222	1537
109	1537
359	1537
239	161
894	161
153	161
304	161
1000	161
1512	161
385	161
820	1544
726	1544
487	1544
44	1544
34	1544
126	1544
313	1544
94	1405
85	1405
1247	1405
1568	1405
615	1405
475	1405
31	1405
1181	3346
429	3346
323	3346
265	3346
199	3346
89	3346
874	3346
99	677
31	677
103	677
302	677
1196	677
448	677
1142	677
1379	1781
347	1781
1131	1781
1126	1781
780	1781
5	1781
551	1781
369	2289
530	2289
289	2289
228	2289
164	2289
1023	2289
309	2289
80	980
40	980
78	980
87	980
385	980
3	980
278	980
5	1583
29	1583
316	1583
203	1583
424	1583
634	1583
1170	1583
832	1422
234	1422
1068	1422
597	1422
1394	1422
1048	1422
31	1422
5	889
1217	889
91	889
400	889
651	889
3	889
180	889
77	325
475	325
448	325
898	325
234	325
1441	325
948	325
721	2201
845	2201
369	2201
1193	2201
651	2201
367	2201
1349	2201
599	65
996	65
132	65
522	65
638	65
1049	65
385	65
784	342
421	342
11	342
316	342
134	342
3	342
848	342
87	753
247	753
252	753
516	753
456	753
48	753
366	753
1548	33
372	33
942	33
385	33
165	33
258	33
114	33
82	60
77	60
115	60
1024	60
741	60
5	60
31	60
1135	85
1543	85
258	85
1275	85
959	85
219	85
1147	85
1011	553
228	553
203	553
44	553
23	553
1069	553
443	553
461	381
531	381
1395	381
1320	381
524	381
609	381
258	381
39	44
904	44
1022	44
448	44
285	44
690	44
97	44
187	431
809	431
166	431
393	431
195	431
113	431
975	431
187	1555
870	1555
285	1555
678	1555
425	1555
3	1555
5	1555
972	2054
42	2054
754	2054
115	2054
103	2054
955	2054
202	2054
543	725
678	725
933	725
556	725
986	725
594	725
589	725
2	474
678	474
342	474
372	474
44	474
293	474
995	474
39	1677
1567	1677
148	1677
911	1677
386	1677
169	1677
1037	1677
738	296
215	296
174	296
126	296
1079	296
291	296
678	296
1071	2059
762	2059
210	2059
258	2059
247	2059
302	2059
39	2059
285	1397
1098	1397
429	1397
3	1397
950	1397
29	1397
907	1397
784	1089
712	1089
766	1089
1347	1089
557	1089
898	1089
644	1089
1477	397
1328	397
71	397
483	397
49	397
678	397
234	397
158	975
877	975
1171	975
326	975
1536	975
762	975
147	975
353	1481
291	1481
385	1481
3	1481
651	1481
1084	1481
1369	1481
280	92
288	92
87	92
117	92
1032	92
845	92
2	92
421	2234
109	2234
801	2234
236	2234
1149	2234
678	2234
385	2234
1531	2206
1039	2206
678	2206
1398	2206
519	2206
3	2206
1219	2206
1032	625
77	625
147	625
640	625
818	625
200	625
876	625
732	1438
14	1438
178	1438
57	1438
183	1438
425	1438
814	1438
302	286
60	286
625	286
77	286
267	286
1321	286
678	286
1333	1393
558	1393
316	1393
746	1393
270	1393
379	1393
82	1393
829	918
252	918
482	918
210	918
695	918
238	918
228	918
364	978
448	978
29	978
355	978
316	978
434	978
77	978
258	2517
110	2517
880	2517
726	2517
421	2517
678	2517
478	2517
321	2502
408	2502
877	2502
357	2502
31	2502
77	2502
388	2502
962	591
1149	591
472	591
654	591
1310	591
430	591
415	591
1075	759
31	759
97	759
861	759
1121	759
1058	759
285	759
1235	276
600	276
540	276
202	276
369	276
1233	276
472	276
1157	959
388	959
845	959
252	959
235	959
115	959
929	959
223	364
1264	364
952	364
103	364
168	364
426	364
291	364
657	634
173	634
862	634
115	634
845	634
386	634
52	634
247	653
147	653
177	653
421	653
915	653
1236	653
525	653
53	857
193	857
293	857
393	857
1066	857
594	857
298	857
868	949
982	949
1211	949
1103	949
1098	949
292	949
657	949
326	311
1226	311
536	311
385	311
1052	311
1264	311
166	311
988	2147
427	2147
862	2147
424	2147
82	2147
113	2147
385	2147
560	938
5	938
392	938
350	938
285	938
994	938
1180	938
29	332
1209	332
252	332
338	332
1002	332
44	332
396	332
514	1074
864	1074
414	1074
795	1074
85	1074
222	1074
1055	1074
891	390
97	390
3	390
558	390
210	390
467	390
1082	390
468	241
269	241
940	241
321	241
132	241
302	241
1398	241
51	1093
961	1093
317	1093
690	1093
87	1093
1252	1093
297	1093
762	792
456	792
807	792
285	792
884	792
1212	792
265	792
388	449
624	449
1087	449
252	449
310	449
1043	449
1047	449
113	61
79	61
391	61
350	61
407	61
86	61
814	61
85	34
258	34
558	34
623	34
34	34
678	34
115	34
231	117
654	117
554	117
1008	117
385	117
114	117
218	117
1395	1700
1378	1700
1267	1700
87	1700
925	1700
247	1700
145	1700
1484	378
77	378
540	378
88	378
1290	378
1491	378
369	378
126	640
5	640
1542	640
140	640
589	640
40	640
687	640
1000	1973
202	1973
239	1973
3	1973
1052	1973
1024	1973
619	1973
543	1117
678	1117
1014	1117
179	1117
876	1117
271	1117
541	1117
100	236
183	236
421	236
372	236
162	236
141	236
77	236
1037	864
481	864
166	864
5	864
206	864
103	864
258	864
983	48
897	48
678	48
745	48
1017	48
429	48
159	48
114	1158
558	1158
65	1158
706	1158
388	1158
921	1158
832	1158
114	334
569	334
443	334
275	334
31	334
175	334
1220	334
18	439
324	439
1461	439
293	439
284	439
295	439
115	439
1378	815
561	815
389	815
1384	815
940	815
372	815
806	815
427	116
38	116
1262	116
1245	116
583	116
279	116
1450	116
1016	541
862	541
1320	541
386	541
69	541
678	541
1002	541
53	121
388	121
623	121
443	121
601	121
503	121
232	121
547	1000
459	1000
93	1000
661	1000
894	1000
96	1000
464	1000
1240	664
558	664
196	664
217	664
63	664
104	664
671	664
5	787
713	787
348	787
31	787
362	787
838	787
898	787
553	426
1076	426
319	426
723	426
375	426
539	426
369	426
202	1398
1305	1398
386	1398
217	1398
579	1398
5	1398
209	1398
284	501
703	501
1317	501
113	501
71	501
673	501
487	501
1350	812
1124	812
128	812
385	812
115	812
1351	812
539	812
227	1353
117	1353
164	1353
147	1353
678	1353
1220	1353
258	1353
115	598
1220	598
5	598
992	598
350	598
447	598
560	598
1115	495
166	495
147	495
1297	495
1055	495
806	495
145	495
655	518
355	518
448	518
258	518
341	518
522	518
961	518
206	540
115	540
77	540
743	540
1105	540
42	540
720	540
262	293
558	293
337	293
147	293
523	293
5	293
385	293
206	719
1176	719
176	719
368	719
853	719
1039	719
252	719
1416	860
1219	860
1421	860
120	860
103	860
6	860
257	860
239	263
222	263
589	263
839	263
624	263
252	263
228	263
285	2311
1220	2311
612	2311
671	2311
558	2311
1229	2311
1236	2311
278	1897
1409	1897
187	1897
509	1897
762	1897
516	1897
835	1897
976	675
386	675
611	675
248	675
258	675
690	675
44	675
258	1107
197	1107
39	1107
904	1107
349	1107
255	1107
273	1107
203	71
5	71
252	71
431	71
678	71
143	71
1387	71
47	2495
166	2495
429	2495
741	2495
877	2495
358	2495
402	2495
336	109
28	109
228	109
898	109
970	109
918	109
456	109
1461	1474
120	1474
5	1474
429	1474
530	1474
203	1474
252	1474
386	784
1139	784
1159	784
799	784
113	784
97	784
252	784
20	1770
1192	1770
904	1770
911	1770
262	1770
961	1770
217	1770
187	324
91	324
803	324
1441	324
19	324
87	324
262	324
627	1226
54	1226
239	1226
70	1226
1088	1226
28	1226
507	1226
257	565
522	565
898	565
38	565
845	565
3	565
1035	565
347	791
469	791
252	791
3	791
228	791
840	791
120	791
1452	196
721	196
956	196
110	196
439	196
293	196
1321	196
82	805
1393	805
222	805
628	805
3	805
572	805
431	805
429	1310
115	1310
85	1310
1361	1310
655	1310
773	1310
252	1310
1479	152
128	152
763	152
320	152
635	152
348	152
1115	152
258	156
14	156
671	156
1220	156
751	156
1058	156
253	156
1285	513
217	513
688	513
5	513
690	513
641	513
1006	513
28	2291
24	2291
1499	2291
234	2291
1041	2291
100	2291
252	2291
97	43
752	43
20	43
385	43
166	43
405	43
815	43
1556	1553
1112	1553
763	1553
275	1553
898	1553
328	1553
787	1553
5	155
386	155
1204	155
462	155
516	155
151	155
1022	155
450	1291
940	1291
126	1291
162	1291
464	1291
187	1291
348	1291
285	59
5	59
1021	59
892	59
624	59
65	59
114	59
784	708
228	708
799	708
923	708
868	708
984	708
202	708
155	1682
655	1682
385	1682
1357	1682
106	1682
172	1682
202	1682
1439	277
166	277
140	277
233	277
743	277
1531	277
3	277
777	3206
40	3206
189	3206
385	3206
589	3206
39	3206
1355	3206
1037	333
197	333
1149	333
160	333
1047	333
840	333
350	333
219	2167
87	2167
661	2167
1088	2167
626	2167
258	2167
110	2167
385	424
307	424
884	424
109	424
758	424
316	424
1159	424
906	79
228	79
386	79
1050	79
741	79
678	79
1088	79
310	2163
252	2163
258	2163
399	2163
845	2163
302	2163
762	2163
316	1137
31	1137
85	1137
777	1137
990	1137
877	1137
21	1137
166	853
631	853
5	853
1288	853
791	853
834	853
1039	853
200	2137
1115	2137
762	2137
708	2137
703	2137
316	2137
43	2137
426	81
1345	81
147	81
44	81
40	81
643	81
1071	81
107	1901
516	1901
217	1901
42	1901
3	1901
876	1901
1072	1901
372	1331
1568	1331
162	1331
115	1331
525	1331
1368	1331
285	1331
1127	427
217	427
161	427
447	427
452	427
688	427
426	427
162	163
302	163
1093	163
107	163
81	163
452	163
448	163
710	2737
178	2737
937	2737
1018	2737
585	2737
358	2737
252	2737
103	781
28	781
624	781
814	781
1112	781
1554	781
1302	781
228	1922
460	1922
1141	1922
678	1922
758	1922
1119	1922
338	1922
607	142
472	142
5	142
222	142
840	142
448	142
627	142
516	210
77	210
205	210
185	210
115	210
1135	210
1115	210
660	134
456	134
548	134
68	134
1399	134
848	134
143	134
678	103
850	103
1228	103
1047	103
726	103
77	103
284	103
726	468
1441	468
833	468
285	468
727	468
38	468
714	468
203	1606
763	1606
818	1606
39	1606
1348	1606
516	1606
1259	1606
53	1311
386	1311
859	1311
477	1311
91	1311
3	1311
5	1311
845	530
250	530
285	530
904	530
635	530
884	530
456	530
609	688
3	688
173	688
369	688
239	688
898	688
385	688
955	1756
911	1756
115	1756
1359	1756
1085	1756
187	1756
1032	1756
890	179
599	179
349	179
1289	179
790	179
1159	179
827	179
370	406
475	406
31	406
285	406
372	406
703	406
94	406
729	1221
323	1221
128	1221
77	1221
762	1221
943	1221
524	1221
252	1571
1	1571
688	1571
350	1571
338	1571
285	1571
624	1571
1149	2558
735	2558
1434	2558
877	2558
410	2558
11	2558
3	2558
35	31
3	31
108	31
429	31
1396	31
727	31
604	31
907	89
522	89
108	89
318	89
936	89
164	89
895	89
674	962
234	962
1571	962
355	962
1017	962
198	962
1548	962
33	1154
262	1154
976	1154
247	1154
1195	1154
1452	1154
456	1154
756	839
316	839
1181	839
414	839
1042	839
376	839
685	839
655	359
973	359
262	359
1226	359
5	359
1082	359
1419	359
115	242
558	242
745	242
3	242
1152	242
181	242
543	242
117	745
52	745
655	745
239	745
1374	745
1035	745
162	745
285	1277
489	1277
817	1277
754	1277
1434	1277
1112	1277
563	1277
181	127
1390	127
947	127
429	127
372	127
1060	127
280	127
1159	239
181	239
799	239
77	239
762	239
516	239
442	239
77	886
1215	886
3	886
703	886
442	886
11	886
678	886
158	1881
1171	1881
973	1881
208	1881
285	1881
1037	1881
912	1881
77	1206
39	1206
100	1206
348	1206
134	1206
805	1206
72	1206
429	226
616	226
217	226
579	226
350	226
762	226
1113	226
467	178
923	178
77	178
292	178
578	178
1347	178
1378	178
182	425
285	425
609	425
320	425
32	425
385	425
524	425
973	899
1292	899
674	899
421	899
5	899
1219	899
85	899
886	879
350	879
285	879
1438	879
326	879
344	879
628	879
561	2244
20	2244
421	2244
904	2244
386	2244
1264	2244
616	2244
115	2105
760	2105
258	2105
278	2105
706	2105
1041	2105
543	2105
904	217
472	217
203	217
1239	217
355	217
350	217
918	217
1058	505
671	505
103	505
44	505
210	505
293	505
1126	505
347	36
428	36
479	36
275	36
443	36
1223	36
1546	36
115	735
955	735
222	735
600	735
643	735
516	735
762	735
436	235
940	235
516	235
949	235
166	235
22	235
126	235
108	0
115	0
262	0
323	0
426	0
1198	0
745	0
348	764
1190	764
280	764
762	764
134	764
1153	764
316	764
5	3053
511	3053
1082	3053
50	3053
3	3053
1116	3053
258	3053
830	2998
516	2998
27	2998
359	2998
1446	2998
284	2998
181	2998
1112	1455
963	1455
814	1455
620	1455
355	1455
203	1455
109	1455
3	922
1311	922
1436	922
1491	922
446	922
814	922
815	922
252	2124
1472	2124
258	2124
638	2124
845	2124
451	2124
1052	2124
1531	693
562	693
684	693
530	693
285	693
1065	693
1149	693
448	360
31	360
293	360
509	360
960	360
203	360
254	360
448	2409
589	2409
293	2409
935	2409
5	2409
385	2409
1267	2409
898	1610
1017	1610
77	1610
832	1610
252	1610
217	1610
516	1610
890	573
531	573
726	573
1336	573
823	573
683	573
107	573
671	70
261	70
678	70
372	70
323	70
861	70
1115	70
3	870
358	870
258	870
1429	870
968	870
1348	870
556	870
818	23
252	23
489	23
228	23
260	23
948	23
258	23
1400	793
115	793
408	793
448	793
468	793
252	793
182	793
239	1340
1038	1340
31	1340
127	1340
252	1340
769	1340
731	1340
1170	2046
837	2046
678	2046
100	2046
372	2046
778	2046
172	2046
369	167
73	167
44	167
3	167
456	167
679	167
252	167
674	1159
527	1159
558	1159
97	1159
807	1159
762	1159
285	1159
983	927
285	927
888	927
314	927
1497	927
385	927
166	927
1273	1718
215	1718
847	1718
1255	1718
603	1718
1317	1718
369	1718
355	1260
1071	1260
3	1260
898	1260
766	1260
1084	1260
52	1260
507	271
910	271
678	271
531	271
1060	271
1531	271
460	271
831	604
814	604
1038	604
540	604
347	604
1088	604
451	604
81	97
726	97
736	97
1079	97
215	97
40	97
173	97
252	1123
516	1123
762	1123
434	1123
1424	1123
217	1123
77	1123
688	1023
684	1023
365	1023
823	1023
988	1023
697	1023
66	1023
763	718
1474	718
531	718
56	718
258	718
932	718
624	718
252	257
450	257
31	257
769	257
164	257
77	257
228	257
1282	757
302	757
947	757
5	757
1534	757
247	757
1267	757
684	603
91	603
199	603
1409	603
319	603
302	603
455	603
448	458
5	458
551	458
312	458
845	458
522	458
75	458
285	2579
911	2579
239	2579
323	2579
287	2579
89	2579
762	2579
1197	1662
271	1662
226	1662
1413	1662
356	1662
763	1662
890	1662
240	906
44	906
671	906
334	906
258	906
1042	906
487	906
288	783
369	783
1497	783
1369	783
74	783
1115	783
603	783
780	868
228	868
140	868
173	868
654	868
38	868
898	868
103	576
404	576
118	576
302	576
22	576
1400	576
252	576
953	245
40	245
252	245
319	245
1041	245
297	245
429	245
1192	189
49	189
136	189
86	189
73	189
115	189
357	189
35	1100
209	1100
217	1100
1471	1100
685	1100
692	1100
113	1100
531	2745
163	2745
674	2745
796	2745
34	2745
39	2745
632	2745
1047	2884
873	2884
1084	2884
47	2884
115	2884
285	2884
3	2884
1053	394
429	394
83	394
335	394
293	394
1277	394
1558	394
1084	1201
898	1201
252	1201
671	1201
597	1201
388	1201
475	1201
1058	694
905	694
704	694
111	694
579	694
1	694
814	694
961	935
427	935
162	935
1149	935
680	935
252	935
558	935
28	842
5	842
540	842
448	842
3	842
100	842
19	842
903	1004
1112	1004
603	1004
414	1004
262	1004
245	1004
348	1004
1282	393
719	393
247	393
1348	393
1082	393
54	393
228	393
941	1961
918	1961
162	1961
86	1961
252	1961
678	1961
1058	1961
478	195
236	195
23	195
97	195
234	195
40	195
85	195
115	1296
372	1296
206	1296
410	1296
421	1296
708	1296
481	1296
77	1033
173	1033
117	1033
904	1033
543	1033
814	1033
429	1033
44	569
21	569
1304	569
228	569
252	569
140	569
1363	569
217	114
983	114
385	114
511	114
234	114
1078	114
31	114
20	247
1127	247
1035	247
228	247
798	247
1283	247
51	247
1116	2203
651	2203
39	2203
362	2203
3	2203
1501	2203
103	2203
258	1967
228	1967
54	1967
516	1967
31	1967
862	1967
1174	1967
1334	2475
252	2475
271	2475
206	2475
1396	2475
745	2475
609	2475
876	2629
421	2629
448	2629
639	2629
262	2629
609	2629
806	2629
540	1507
468	1507
100	1507
1063	1507
474	1507
386	1507
13	1507
624	99
456	99
412	99
674	99
911	99
850	99
285	99
371	392
506	392
522	392
153	392
1262	392
252	392
617	392
291	588
911	588
31	588
845	588
5	588
134	588
1006	588
74	701
558	701
431	701
252	701
316	701
3	701
628	701
1114	2444
840	2444
442	2444
1274	2444
355	2444
918	2444
1386	2444
402	1987
516	1987
429	1987
385	1987
941	1987
388	1987
3	1987
1019	1
458	1
77	1
272	1
894	1
3	1
783	1
443	782
1112	782
276	782
817	782
576	782
1483	782
617	782
1055	1550
70	1550
998	1550
1541	1550
252	1550
517	1550
200	1550
586	292
644	292
278	292
1144	292
619	292
85	292
784	292
904	1424
350	1424
91	1424
1364	1424
898	1424
65	1424
506	1424
369	158
988	158
178	158
218	158
877	158
5	158
173	158
814	1531
886	1531
388	1531
456	1531
96	1531
114	1531
103	1531
995	923
1071	923
364	923
806	923
1410	923
196	923
302	923
1	352
472	352
997	352
1153	352
558	352
877	352
316	352
115	298
91	298
434	298
355	298
845	298
1375	298
529	298
632	300
287	300
236	300
657	300
995	300
591	300
516	300
536	924
100	924
386	924
1000	924
1517	924
911	924
877	924
30	836
1084	836
385	836
1072	836
673	836
103	836
291	836
217	514
258	514
44	514
688	514
678	514
786	514
543	514
1084	83
187	83
1450	83
252	83
312	83
624	83
228	83
247	113
1035	113
1255	113
181	113
961	113
369	113
1032	113
285	1169
1041	1169
136	1169
100	1169
435	1169
199	1169
262	1169
39	847
421	847
477	847
285	847
211	847
1015	847
97	847
140	1626
612	1626
247	1626
3	1626
1148	1626
217	1626
894	1626
952	709
202	709
369	709
3	709
367	709
386	709
655	709
1018	139
531	139
919	139
427	139
105	139
388	139
557	139
690	2340
845	2340
1427	2340
362	2340
665	2340
331	2340
551	2340
115	1179
1554	1179
5	1179
29	1179
1041	1179
97	1179
716	1179
1071	430
31	430
217	430
1551	430
678	430
1061	430
703	430
31	253
107	253
796	253
1	253
777	253
285	253
429	253
674	1319
762	1319
234	1319
1341	1319
1434	1319
371	1319
1461	1319
385	966
740	966
162	966
1261	966
1111	966
956	966
1117	966
276	53
1546	53
421	53
56	53
1410	53
1024	53
316	53
234	40
814	40
310	40
603	40
1193	40
1187	40
1489	40
1428	1177
980	1177
1214	1177
614	1177
228	1177
597	1177
115	1177
1307	391
1058	391
549	391
386	391
401	391
1227	391
276	391
840	830
696	830
77	830
717	830
684	830
557	830
1568	830
173	1910
951	1910
1353	1910
86	1910
326	1910
733	1910
1317	1910
669	120
832	120
370	120
693	120
611	120
1255	120
430	120
1149	698
370	698
1378	698
1337	698
1111	698
110	698
1369	698
444	2584
1029	2584
895	2584
274	2584
558	2584
3	2584
377	2584
388	1321
1066	1321
342	1321
238	1321
252	1321
220	1321
516	1321
555	2237
803	2237
114	2237
809	2237
18	2237
845	2237
31	2237
14	1147
235	1147
31	1147
385	1147
186	1147
57	1147
388	1147
161	2094
366	2094
84	2094
1115	2094
1240	2094
983	2094
1369	2094
40	267
1059	267
285	267
1207	267
297	267
38	267
935	267
